SNNAME SURVEY Z ZERR T0 T0ERR X0 X0ERR X1 X1ERR X2/C X2/CERR COV_X0_X1 COV_X0_X2/C COV_X1_X2/C CHISQ/NDOF MODEL mB mBERR COV_mB_X1 COV_mB_X2/C
2001ah PS1_LOWZ_COMBINED(CFA3S) 0.0589134208858 0.0 52006.78396377103 0.8486974951229058 0.0015437456798772081 9.381981538210484e-05 1.330594844422344 0.6912117555165924 -0.03953476864818668 0.02922376584244159 -5.7622902946958914e-05 -1.3097531354730305e-06 0.002314184826953949 1.525928109287215 SALT2_ORI 17.663560611884357 0.06598468362494611 0.04052692925285051 0.0009211662367804393
2001az PS1_LOWZ_COMBINED(CFA3S) 0.0405932441354 0.0 52030.68805913878 0.9592449386764201 0.002966855129115026 0.00010801727107951309 1.2677859283297253 0.46878866931744956 -0.05889899755624051 0.024338174001870595 2.0604579980006324e-05 -1.541688830165936e-06 0.0018033124251331015 0.5016436411989112 SALT2_ORI 16.9542591491742 0.03952948723356883 -0.00754035417792726 0.000564189118287571
2001da PS1_LOWZ_COMBINED(CFA3S) 0.0164730455726 0.0 52109.581528676936 0.8248740837298101 0.012105703178968611 0.0003605789746509217 -2.9797093543175746 0.829905855993963 -0.0012452450783116695 0.03507887051577712 -9.723362804985428e-05 -9.390164416465406e-06 0.007182452274500792 6.683653379173201 SALT2_ORI 15.42752494701447 0.03233960404160713 0.00872068881360982 0.0008421849870976769
2001en PS1_LOWZ_COMBINED(CFA3S) 0.015444220975 0.0 52193.964543288384 0.31478813099238323 0.01561507770477837 0.00041115730206855175 -1.0380783592555705 0.0732260594430155 0.04565696726066733 0.0229053632658893 6.664845434777856e-06 -7.233325875840323e-06 -0.00025322990553560564 1.2801486423992052 SALT2_ORI 15.151139625658985 0.02858828993018048 -0.0004634151763100664 0.0005029423441044038
2001fe PS1_LOWZ_COMBINED(CFA3S) 0.0144914556295 0.0 52229.46005573332 0.22611608169972897 0.023894827072104968 0.0005478397409912017 0.6340343040483943 0.08823003738130655 -0.04412558487454168 0.022214998299480437 1.7246121435837828e-06 -9.72681459062812e-06 -0.00022118126178314766 1.3856640762387413 SALT2_ORI 14.68924027034932 0.024892812130615914 -7.836314687710719e-05 0.0004419682438440115
2001gb PS1_LOWZ_COMBINED(CFA3S) 0.026762455 0.0 52248.63296545707 0.685142753944092 0.0011509202642935108 9.15346687997377e-05 0.3485577768257603 0.6458472093100797 0.6920164505956445 0.05404696503894808 -3.519693439273507e-05 -4.460122321080963e-06 0.01998582402667242 7.398782823573573 SALT2_ORI 17.98238690807767 0.08635046839445933 0.03320350431934307 0.004207516742804098
2001G PS1_LOWZ_COMBINED(CFA3S) 0.0170709602535 0.0 51931.278646982646 0.796649015017465 0.018160970399651602 0.0006003535506907545 0.20215508075036562 0.2855027749916334 -0.04758795584904364 0.030465840381049367 1.0507113882618572e-06 -1.5822638113057374e-05 -0.0007881258923813696 0.9032389638341799 SALT2_ORI 14.987152373574462 0.035891561480247317 -6.281577304974073e-05 0.0009459412507198299
2001ic PS1_LOWZ_COMBINED(CFA3S) 0.042963424 0.0 52245.36419858302 2.1864614925943897 0.0020018112416885455 0.0005309445386964171 -1.6397694404412317 0.5088117384567107 0.06810331148071248 0.14870415936181486 -0.00012937718645262725 -7.478737305607242e-05 0.038932565400611956 0.37570907487099864 SALT2_ORI 17.381442190465805 0.2879720606899229 0.07017119920001705 0.040562944644689916
2001V PS1_LOWZ_COMBINED(CFA3S) 0.0159647166729 0.0 51973.87176008218 0.051194174240663415 0.02638541779688845 0.0006222330674802783 0.8581055066416089 0.07570458266795355 -0.019810569412053843 0.021900337017601794 -1.4785455976630746e-05 -1.1007940616650212e-05 0.00013740492462133177 1.4224772761180982 SALT2_ORI 14.581590061614941 0.025604330936185356 0.0006084082117349896 0.0004529668531052821
2002bf PS1_LOWZ_COMBINED(CFA3S) 0.0247441995889 0.0 52340.24002597218 1.1505465242516948 0.0046088879324301365 0.0004191905680620097 -2.0157838809775455 0.19703565541917373 0.16660249083079984 0.04442587206064415 2.8937107794828674e-05 -1.6342372412964914e-05 -0.0019832563147229583 2.4571302055935256 SALT2_ORI 16.476009629623018 0.0987505843298024 -0.006816843033384045 0.0038498452686483164
2002bz PS1_LOWZ_COMBINED(CFA3S) 0.0376183390617 0.0 52366.79713146616 0.980523596801504 0.003044767048288981 0.00023381153385143132 -1.1507193324547202 0.2228695816655919 -0.12887912519695474 0.0396900572131234 5.834897100916165e-06 -7.2739352450196645e-06 -0.0001323191661602051 0.48276227634802477 SALT2_ORI 16.926114822859155 0.08337506395938772 -0.002080671175505199 0.002593819074277659
2002ck PS1_LOWZ_COMBINED(CFA3S) 0.0303127449006 0.0 52396.80766307226 0.4771289625859936 0.005351392866588662 0.00018360397654911014 0.15810521922448242 0.08430207558210273 -0.06543855319630727 0.022730208647518173 1.2136298261155394e-06 -2.7846498441848014e-06 -0.00016762625239703807 1.6202168958521572 SALT2_ORI 16.313832911515732 0.03725113996424032 -0.0002462315651715426 0.0005649734991953298
2002cr PS1_LOWZ_COMBINED(CFA3S) 0.0102454563603 0.0 52408.86374240949 0.04603019966816646 0.03675151078404469 0.0008826237393690859 -0.49325727133999164 0.05855866290015037 -0.031876217230595916 0.022503357055042517 -1.4875322884779625e-05 -1.611854162297004e-05 0.00011818520026021541 1.9678003527156787 SALT2_ORI 14.221812008001319 0.02607502463349221 0.0004394561276235762 0.00047618407609945377
2002de PS1_LOWZ_COMBINED(CFA3S) 0.0282677393407 0.0 52434.05488669327 0.16086905709380517 0.003830294561900266 9.003987534934648e-05 0.4838883452044635 0.3150131240627235 0.10028069504626567 0.022703490055666325 -1.079424732034001e-05 -1.6992981154896471e-06 0.00229182906485366 0.7286557040166747 SALT2_ORI 16.676919565281604 0.025522724416838206 0.003059739904962362 0.0004816834467553442
2002dp PS1_LOWZ_COMBINED(CFA3S) 0.0104468800128 0.0 52451.18716063769 0.1311946732676006 0.026506175342271444 0.0006391783547377548 -0.5296314457191842 0.1780038871726223 0.06128185896680631 0.023088964732735525 -3.860347534213058e-05 -1.2153260914188596e-05 0.0010211963822031043 1.4232437193039118 SALT2_ORI 14.576632333588647 0.026181788661518938 0.001581261357673006 0.0004978174033038626
2002eu PS1_LOWZ_COMBINED(CFA3S) 0.0367125719786 0.0 52518.114350575874 0.9743419230580912 0.002258981336983378 0.0002837909451716831 -2.064974429342584 0.3981860527550674 0.007793943772759822 0.07991879538338204 -6.365865255145748e-05 -1.9469430290243865e-05 0.014529621670408081 0.35905531762254755 SALT2_ORI 17.250218392684282 0.13639869383201234 0.030596314670546763 0.009357609558811458
2002G PS1_LOWZ_COMBINED(CFA3S) 0.0344943143427 0.0 52287.642476994675 1.2525614299920562 0.0015973301936697062 8.619948369884615e-05 4.658862541784173 0.8563137658763416 0.14027219437858118 0.05088513678953676 -8.32936787710889e-06 -3.0611449915145984e-06 -0.013329203652124845 2.2684687446284886 SALT2_ORI 17.62651324743397 0.058591455075598396 0.0056616323304763665 0.002080719414478598
2002ha PS1_LOWZ_COMBINED(CFA3S) 0.0122384335846 0.0 52581.272823400745 0.10625611319483141 0.023188106666179358 0.0005382532491482544 -1.346472691725875 0.07107902144004885 -0.07518739681582691 0.02297378626372795 -8.031604385205308e-06 -9.766663123952069e-06 7.699035717817815e-05 0.7137765638494321 SALT2_ORI 14.721836776313523 0.02520261996126344 0.00037606363420909544 0.00045730425109770693
2002he PS1_LOWZ_COMBINED(CFA3S) 0.0248394012451 0.0 52586.23324137308 0.11321072054488468 0.005821563484909724 0.00019610283352316783 -1.9432003934153963 0.16744200563628034 -0.06210592291229167 0.026293634366571533 -2.1453124891331868e-05 -3.674112590080113e-06 0.00131684119894432 0.800719316882017 SALT2_ORI 16.222400905351158 0.03657367076107069 0.004001061649519746 0.0006852312217753826
2002kf PS1_LOWZ_COMBINED(CFA3S) 0.0194761697203 0.0 52639.83555519162 0.26224840828217566 0.009382996212090041 0.00022571121553622956 -1.0964666596474428 0.07190800977454428 -0.034384446671155214 0.0221530896766667 3.5929656937165853e-06 -3.871036832890774e-06 -0.00026312434742324333 1.4103904820739501 SALT2_ORI 15.704146147496598 0.02611775950755317 -0.0004157534382349563 0.0004479299303143987
2003ae PS1_LOWZ_COMBINED(CFA3S) 0.0337971225381 0.0 52667.98933173302 0.7720360172133951 0.0021383377922495382 0.00022052817045352957 -1.7880376643402287 0.23975819724060077 0.11797585465963568 0.0636706160063104 -2.69867971762509e-05 -1.2495036827810422e-05 0.004732142920305848 1.338821132880329 SALT2_ORI 17.309809221014753 0.11197268256601417 0.013702485571232314 0.0063443268471947735
2003ch PS1_LOWZ_COMBINED(CFA3S) 0.029224387 0.0 52726.2436272212 0.2254805378142919 0.003751705562558389 8.682944632464428e-05 -1.2558900549473064 0.14417905305061418 -0.03818834440240335 0.02264110336839589 8.014651927625211e-07 -1.4555078866134523e-06 -0.000263698973267313 1.5329005893210073 SALT2_ORI 16.699428132004957 0.025128270846894795 -0.00023194244914100437 0.0004212211172908697
2003cq PS1_LOWZ_COMBINED(CFA3S) 0.0337450504303 0.0 52739.705726037486 0.15954305267587188 0.0023887622918322086 9.574589277744968e-05 -0.7435329867755477 0.15826928300152204 0.1057029558314138 0.03577205764434692 -4.225923240231646e-06 -3.108783694647122e-06 0.0006553998079404771 2.7488650175639906 SALT2_ORI 17.189567662965125 0.043518261570360144 0.0019207594979779477 0.0014129991174011765
2003fa PS1_LOWZ_COMBINED(CFA3S) 0.0401637516916 0.0 52807.4662413188 0.06382553361981991 0.003718030185178279 8.345237053876104e-05 1.46524886044656 0.09128933948729946 -0.06108077652932355 0.021605106099164304 -2.1956953959718067e-06 -1.4312665847559164e-06 0.0001761326256467404 1.5566319420786126 SALT2_ORI 16.70921772172287 0.02436969458398277 0.0006411852156367091 0.00041795732480195166
2003hu PS1_LOWZ_COMBINED(CFA3S) 0.074723862 0.0 52891.24953264917 1.621977017053723 0.00154297346217247 0.00016881416293387284 0.7695472195590832 0.4170046634775784 -0.17476615685395813 0.06537770261901861 6.589254633845314e-06 -1.0397758479528544e-05 -0.0019076958071379958 1.3520881973194652 SALT2_ORI 17.66410385841823 0.11878859427379844 -0.0046366269373571715 0.007316537261541766
2003ic PS1_LOWZ_COMBINED(CFA3S) 0.0549093857408 0.0 52906.97569825485 0.8667437500589585 0.0015865762986923642 7.610812666861128e-05 -1.7750138450756152 0.2375907798954805 -0.05149915176134118 0.033517686654213036 7.738873178248649e-06 -2.012460397636066e-06 -0.0025732557278120376 0.7539768495612376 SALT2_ORI 17.633847594436347 0.05208280791067807 -0.005295915992556615 0.001377179979403618
2003it PS1_LOWZ_COMBINED(CFA3S) 0.0241878125817 0.0 52935.200070487976 0.32824778415306355 0.005075336723210662 0.00014175641685781797 -1.5794225584278165 0.15537445816877593 0.024068373150559277 0.02793310792259995 -5.9515712016377116e-06 -3.1473159856173915e-06 0.0002901949705700195 2.2664109404208803 SALT2_ORI 16.37133784797965 0.03032509613312021 0.001273183767150359 0.0006732863452726983
2003iv PS1_LOWZ_COMBINED(CFA3S) 0.0335774756968 0.0 52934.20363043948 0.27091730461324914 0.0028309464873189313 7.046376322753952e-05 -2.058279296004028 0.1806653371714896 -0.08383575023217156 0.026371710663331882 -6.659221754757917e-07 -1.3919234949460749e-06 3.5812202582653434e-05 0.5092402552245502 SALT2_ORI 17.005170849796137 0.027024551400863423 0.0002553972032689677 0.0005338362061897095
2003U PS1_LOWZ_COMBINED(CFA3S) 0.0281753148884 0.0 52677.419374106634 0.13696421445638407 0.004599648180700192 0.00013821606356999094 -2.213350661184379 0.2904063916974 -0.04490153552326658 0.028187921141081537 -2.332732063826321e-05 -3.095699417715417e-06 0.0034518930967406963 0.734272558461878 SALT2_ORI 16.4781884637438 0.032625578827258514 0.0055063595261993226 0.0007307326136301658
2004as PS1_LOWZ_COMBINED(CFA3S) 0.0321264415979 0.0 53086.25784397607 0.1452821108578064 0.0027880489157399648 6.569566580003067e-05 0.423584636656355 0.1375519337358947 0.08001108178279644 0.02226535146045433 -2.2590498513621163e-06 -1.1649753512056498e-06 0.00018033697999638457 2.00951801344648 SALT2_ORI 17.02174902725144 0.025583540680401883 0.0008797306955880117 0.00045367063300576666
2004L PS1_LOWZ_COMBINED(CFA3S) 0.0334101244807 0.0 53031.72765079066 0.7992147662916977 0.0019483169459972537 6.927316954242423e-05 -1.0884224446281154 0.29473483297960124 0.19755885108461768 0.028645023694334467 9.561412904217789e-06 -1.5584094899106034e-06 -0.001504130339511185 2.559422924281512 SALT2_ORI 17.410850980166863 0.038603774578401764 -0.005328276890512382 0.0008684529529503853
2004ef PS1_LOWZ_COMBINED(CFA3K) 0.0297877304256 0.0 53263.747758156096 0.6505978800487355 0.0025250770213812385 6.698820309162155e-05 -1.3087753355874578 0.22711147399275702 0.2962220440746626 0.02595298863618179 3.1280626640609866e-06 -1.3575101708906555e-06 -0.002181263459192318 10.332768048591763 SALT2_ORI 17.129313425595278 0.028803682728251682 -0.0013450088279942454 0.0005837041517478724
2005hf PS1_LOWZ_COMBINED(CFA3K) 0.0420519895852 0.0 53663.79071203493 0.7466558613486995 0.0023513984639427677 0.0001730620582275672 -1.8965844813973105 0.17253429080820817 -0.12553557105653665 0.041064439171037984 5.618248647151122e-06 -6.142122053885829e-06 -0.00044991931989997827 0.663685790051465 SALT2_ORI 17.206684424605434 0.07990978354751646 -0.0025941736617949183 0.002836067297911411
2005hj PS1_LOWZ_COMBINED(CFA3K) 0.0559228286147 0.0 53672.84006106501 0.6686677083598624 0.0015025189023393309 4.3868789005114337e-05 2.293627477353474 0.33058336884501793 -0.049411575989357054 0.025385334330903116 2.4134078877247675e-06 -8.384871356419512e-07 -0.000426596357131431 1.2965164008313639 SALT2_ORI 17.69295013919487 0.031700055425320166 -0.0017439543133014412 0.0006058997587138551
2005lz PS1_LOWZ_COMBINED(CFA3K) 0.0391672551632 0.0 53736.20424918647 0.1286286712747824 0.0016012150878791343 3.8624862280268626e-05 -1.2293137686663989 0.12163504304501055 0.07477868677590646 0.022916690314845344 -1.2447053480329568e-06 -6.912279482469059e-07 4.6366749330166665e-05 1.9894376740139668 SALT2_ORI 17.62387581572819 0.026190367364718345 0.0008439975808655756 0.0004687010601095424
2005mc PS1_LOWZ_COMBINED(CFA3K) 0.0260238852352 0.0 53733.77552084782 0.13374397785082692 0.0022976420038870694 5.370182954167201e-05 -2.616688694993204 0.11285399077786272 0.20038250747128933 0.023893150399489763 -7.328044867496023e-07 -1.0095056864844047e-06 4.88450412855354e-06 1.192725548307076 SALT2_ORI 17.231794094741737 0.025376460082337852 0.00034628212790644477 0.00047703553071847465
2005ms PS1_LOWZ_COMBINED(CFA3K) 0.0258950144053 0.0 53744.28384310361 0.054346446580893826 0.006197428603709313 0.0001369802529386524 0.33715687113099646 0.0662544491890977 -0.029949498411086167 0.02109410013673778 -1.625053350066052e-06 -2.3554030649425283e-06 1.2418833703673716e-05 1.1590848219238046 SALT2_ORI 16.154471169344554 0.023997762533868622 0.00028469537442902935 0.00041264636479647907
2005na PS1_LOWZ_COMBINED(CFA3K) 0.0268325824291 0.0 53742.002679081765 0.3169580863977899 0.00677993869955788 0.00018703906450402247 -0.6370956067749958 0.08260023179042418 -0.05686835028105856 0.023573093926945815 1.5161888162250267e-06 -3.5863064908239135e-06 -3.59866681039531e-05 3.7226584063197556 SALT2_ORI 16.056935581912025 0.029952348101517628 -0.00024280176620656308 0.0005743094400987011
2006ac PS1_LOWZ_COMBINED(CFA3K) 0.0239493455738 0.0 53781.82110100893 0.08137748144872603 0.0061783441110600966 0.00013699590953724993 -0.9557745910981076 0.061544433573404556 0.03423209204477183 0.021386212982664934 -7.011119428709596e-07 -2.4238436407764885e-06 -7.17199341473143e-05 1.3580045248435482 SALT2_ORI 16.15781976688607 0.02407464139494819 0.00012320819402088977 0.00042594823923011396
2006ah PS1_LOWZ_COMBINED(CFA3K) 0.050973455 0.0 53775.12896721405 2.2247095089078357 0.0009154594318664741 0.0002158964248616098 -0.5875647828410017 0.3793579608329883 0.10192368731572767 0.11950746880393752 -2.9015243865196316e-05 -2.5037006277649313e-05 0.016707125234066228 2.0495024409028217 SALT2_ORI 18.230902241204465 0.2560534708481573 0.03441212101567463 0.029693925506865428
2006ak PS1_LOWZ_COMBINED(CFA3K) 0.0388988517225 0.0 53781.67718160417 0.6884535384597257 0.0023296528963498743 0.00014620807196186048 -1.2411812010686518 0.13425160392189542 0.019287409056267118 0.03930770676132749 6.745524283460817e-06 -4.8806819568338556e-06 -0.001666854878013325 0.8650355552166537 SALT2_ORI 17.216771953260473 0.06814036434594818 -0.0031437558556914867 0.002274644910727693
2006al PS1_LOWZ_COMBINED(CFA3K) 0.069045935 0.0 53787.12160557537 0.7014921815134585 0.0007906602885635181 4.0007097064752705e-05 -1.397995066970981 0.2781169246307712 -0.09555058290926825 0.03580108603052695 4.302165421369605e-06 -1.1395707073108291e-06 -0.002278050190164381 0.7739729283494684 SALT2_ORI 18.390025183456583 0.05493782141176193 -0.005907741699441942 0.0015648606521735029
2006ax PS1_LOWZ_COMBINED(CFA3K) 0.0177266895771 0.0 53827.51048351278 0.03264746563218068 0.017296885899801162 0.00037549173917367907 0.24112708732078453 0.03391490051532479 -0.09416521046876705 0.02098090564659802 -9.389244592800359e-07 -6.554054894126601e-06 -3.807700956713158e-05 1.6723885369218991 SALT2_ORI 15.040080198575449 0.023569848247258565 5.8936867877760814e-05 0.00041140207131777764
2006bq PS1_LOWZ_COMBINED(CFA3K) 0.0214557219297 0.0 53848.39593464222 0.17650349635005114 0.005788140819744692 0.00013542239460692356 -1.6555474222896733 0.06602661922565366 0.07545543235514626 0.02155103438663226 1.2762883674788836e-06 -2.3172614289467284e-06 -0.00010971346807715666 1.5396487078308942 SALT2_ORI 16.228652278672534 0.025402456736749613 -0.0002394054552986142 0.0004346705976320728
2006bw PS1_LOWZ_COMBINED(CFA3K) 0.0307938195765 0.0 53850.36739941974 0.8181915447457868 0.0026977365691793044 0.0002751800634299636 -1.9247935405749548 0.16201260713609544 0.12651690082528055 0.05235570397781042 -2.3040467035643215e-05 -1.2930631488603084e-05 0.003256710486618038 1.1861088929063455 SALT2_ORI 17.057501152354728 0.11074949315175042 0.009272910305969679 0.005204086610218153
2006cj PS1_LOWZ_COMBINED(CFA3K) 0.06839191 0.0 53876.68993957362 0.9422015832424222 0.000993899743431949 2.8398841849560404e-05 2.299126099495334 0.5394691081582861 -0.0817995239094575 0.024412072441445224 4.5656784055426835e-06 -5.023495766367854e-07 0.0005746573858374994 0.6335893326330283 SALT2_ORI 18.141643553770876 0.031022898409047827 -0.0049875476645793795 0.0005487667407138441
2006cp PS1_LOWZ_COMBINED(CFA3K) 0.0233412664384 0.0 53897.75095207986 0.06753813512477791 0.006983885909665673 0.0001636804863386519 0.326574338052234 0.07374048097454892 0.10659370688266019 0.022082925315822503 -1.9788005209245866e-06 -2.923187348748175e-06 -3.388581941108574e-05 1.1048909192049907 SALT2_ORI 16.0247571599427 0.02544626764081834 0.00030763036443487944 0.00045444762112082623
2006cq PS1_LOWZ_COMBINED(CFA3K) 0.0492143444717 0.0 53890.04398433624 0.32159218978631543 0.0016388645572605472 4.632206451050053e-05 -0.09424378238962158 0.4859856376771979 0.01257190139149132 0.02907216210278764 -6.0851183575458695e-06 -1.1717783538526938e-06 0.0040023647740069675 1.4080113923245847 SALT2_ORI 17.598642342225283 0.03068804087279826 0.004031347973056152 0.0007762948909313016
2006en PS1_LOWZ_COMBINED(CFA3K) 0.0308004785329 0.0 53973.09946754012 0.41108311799689545 0.003402286386013283 0.00012180183830007902 -0.39667112506427443 0.09115459815821465 0.0480779591618279 0.02834408296767765 3.041613858556022e-06 -2.8531749115680535e-06 -0.00047525774011097373 2.334471730224016 SALT2_ORI 16.80557283157753 0.03886935156080506 -0.0009706385390437421 0.0009105039813026829
2006ev PS1_LOWZ_COMBINED(CFA3K) 0.027618188411 0.0 53988.391992613644 0.9456943401346507 0.0032310423783232832 0.000292634856844017 -1.409615381591767 0.19527831360921702 0.017092773384431926 0.04811129597193133 8.592161815026498e-06 -1.188494152998714e-05 -0.0019514665832264149 0.7698230621489154 SALT2_ORI 16.861643364356034 0.09833490918637887 -0.002887248159386783 0.003993730133999935
2006gr PS1_LOWZ_COMBINED(CFA3K) 0.0334425754845 0.0 54013.28208475081 0.060395552951376885 0.0029007349700260784 6.412742337984068e-05 0.8108797178111642 0.06633091668975472 0.083705587776613 0.02164300226391011 -3.9298387447289033e-07 -1.1522075622853856e-06 -7.105681475151808e-05 1.554658664389517 SALT2_ORI 16.97872987336842 0.02400269793717832 0.00014709265920888497 0.0004312677575497716
2006gt PS1_LOWZ_COMBINED(CFA3K) 0.0436230711639 0.0 53999.51075028978 1.1275888285199471 0.0013022030671355077 0.00017105265695288433 -2.958412346712623 0.2070407138555395 0.008603474347281165 0.0657554359615922 3.0082562888003143e-06 -9.910964764964076e-06 -0.0006703834723053306 1.3845180794121559 SALT2_ORI 17.8483032151881 0.14261835750575222 -0.00250819004222323 0.008263452560493687
2006hb PS1_LOWZ_COMBINED(CFA3K) 0.0149638876319 0.0 54001.295544355686 0.33941670118656475 0.012218944981582262 0.0005962206900368481 -2.4726026055771944 0.10094371313485898 0.05989389679806261 0.030808424554792282 -3.0353160596737825e-05 -1.5296245659314804e-05 0.0005856873853507576 0.6457029759075892 SALT2_ORI 15.417415726734728 0.0529782555019783 0.0026970843586242776 0.001359175258929916
2006is PS1_LOWZ_COMBINED(CFA3K) 0.0315313190222 0.0 54005.795677303584 1.9374643625451426 0.0057083171833860556 0.0007729319244687011 2.3690256976891875 0.2947217417842464 -0.041543457216714784 0.04570860819644401 8.919715626874883e-05 -2.944312240058378e-05 -0.005695166344277254 0.8319254345388549 SALT2_ORI 16.243729758144013 0.1470135851335522 -0.016965522204041746 0.00560015551772063
2006je PS1_LOWZ_COMBINED(CFA3K) 0.0371210686862 0.0 54010.09215523614 0.6373210254751029 0.0017579970627459411 0.00018618853846571313 -2.2650037108769263 0.21968319858048274 0.01903279069747924 0.07034495591598659 -2.5464578970320324e-05 -1.1700074468873176e-05 0.006383069909493738 1.158620861695552 SALT2_ORI 17.522454637197562 0.1149897468016649 0.015726883686491586 0.007225947482176007
2006mo PS1_LOWZ_COMBINED(CFA3K) 0.0359698496759 0.0 54047.66850902567 0.2716378512486699 0.00191183192650879 6.392772482207453e-05 -2.1884557254189896 0.11107479243497907 0.035975747205439175 0.030342901575806224 1.1094181273789008e-06 -1.5851050627947562e-06 -0.0004964845475348688 1.1489738609925582 SALT2_ORI 17.431375725492632 0.03630478409987059 -0.0006300425316726716 0.0009001868475773479
2006mp PS1_LOWZ_COMBINED(CFA3K) 0.0227990057319 0.0 54054.29313662661 0.1066197303152876 0.007135968313903655 0.00019237663487166592 0.9309233709445286 0.14768038801290168 0.021931148907661624 0.027013228746567797 -2.7101088233896983e-06 -4.556495795540017e-06 9.160644822407949e-05 1.2096196484269683 SALT2_ORI 16.001367717602587 0.029270067948976464 0.00041234253558211333 0.0006932699578285691
2006N PS1_LOWZ_COMBINED(CFA3K) 0.0140832765028 0.0 53760.6573385793 0.14867278334713774 0.01688975762270041 0.00039156103467932567 -2.000098932047008 0.059655311213753524 -0.06648508408863917 0.02217059534071467 2.4365514041400815e-06 -7.058845096172293e-06 -0.00013082930532381813 1.1061203894110851 SALT2_ORI 15.065941456871625 0.025170994233363393 -0.00015663055286676026 0.00045376871923803714
2006oa PS1_LOWZ_COMBINED(CFA3K) 0.0588447116315 0.0 54067.13455895536 0.14472028617092292 0.00123271885263385 2.9908569860316757e-05 1.2147092248015683 0.2311988467788657 0.014048730188928328 0.023304632662515486 -2.9076579106739114e-06 -5.551902022749338e-07 0.0011419320745342067 1.281578143694116 SALT2_ORI 17.9078399051702 0.02634243571476308 0.002560964698418336 0.0004889923617611204
2006ob PS1_LOWZ_COMBINED(CFA3K) 0.058239351958 0.0 54062.92122383479 0.1360936534765642 0.0009177408996378648 2.1429753087503556e-05 -2.3198909550184816 0.14721912826182937 -0.01885190134839537 0.024382501110659933 -6.514253945172844e-07 -4.0138313428216245e-07 8.87549412766167e-05 1.4877092922283577 SALT2_ORI 18.22819978321808 0.025352535552584578 0.0007706708242003279 0.0004748575562464312
2006on PS1_LOWZ_COMBINED(CFA3K) 0.068843085 0.0 54064.13878770479 0.6521171105887333 0.0007361864616850728 3.345731248788784e-05 0.968885329062783 0.6914761631573635 0.09537040327757162 0.04330804805974887 -1.3848285209986383e-05 -1.2646395447232778e-06 0.011430062816672606 0.7964003959304594 SALT2_ORI 18.467530433501324 0.049343226713052 0.0204236092468795 0.00186510484929601
2006or PS1_LOWZ_COMBINED(CFA3K) 0.02166968 0.0 54056.57202529412 1.4456102031399496 0.003520601022705836 0.0006777767328342804 -1.226480797900629 0.35563599799114176 0.19379378406587086 0.12457620493215432 -7.989742497489925e-05 -8.261338327173869e-05 0.013287511646868373 0.3991863966199359 SALT2_ORI 16.768457973006967 0.20902304260971735 0.02463997664112555 0.025477564949051856
2006qo PS1_LOWZ_COMBINED(CFA3K) 0.0288509558886 0.0 54083.03696686804 0.06601033086917596 0.003263287332980899 9.101169891050196e-05 0.4016369083844075 0.059473286372765694 0.18796095775032756 0.027098001797925653 -5.699051314820872e-07 -2.180796508555502e-06 -7.529942652132469e-05 1.3501655669372843 SALT2_ORI 16.850861712071726 0.030280722008446073 0.00018961451180651094 0.0007255780698863424
2006sr PS1_LOWZ_COMBINED(CFA3K) 0.0229789093137 0.0 54092.82855285489 0.11845590039229137 0.0061363999863351185 0.00013949666717186826 -1.3962708838603004 0.11336904642110499 0.014276245496768501 0.022670443134479915 -1.4881290466975453e-06 -2.5611494097134587e-06 8.517788259561928e-05 1.1206224298983118 SALT2_ORI 16.165215849262516 0.02468166715482437 0.0002633002390570518 0.0004531537458629012
2006td PS1_LOWZ_COMBINED(CFA3K) 0.015038295649 0.0 54098.935678181326 0.23688351632881677 0.009076352231908742 0.00025843857161744863 -1.380001453294253 0.10626439622959064 0.10889257987125353 0.027014486825156947 1.8629574099081997e-06 -6.1570912858870226e-06 -0.00013066400351697193 0.6054429056412223 SALT2_ORI 15.740221646278567 0.03091507543356235 -0.00022285167611156025 0.0007365268286511274
2006te PS1_LOWZ_COMBINED(CFA3K) 0.0320968218148 0.0 54097.1574779817 0.36804886390746105 0.004288034236234163 0.00014782657285140516 -0.12676810454057016 0.09826907693668374 -0.06158232396220316 0.02980118035169525 4.50319407390982e-06 -3.84362132565711e-06 -0.0008127227911003127 1.261503839088331 SALT2_ORI 16.554354389591722 0.03742989288981067 -0.0011402149735143 0.00097321024057665
2007ae PS1_LOWZ_COMBINED(CFA3K) 0.0641554668546 0.0 54153.321427569594 0.6262692837954091 0.0013614851135659305 4.7748971913117984e-05 1.64389713745415 0.27597163097731736 0.004842340916702079 0.03102292679419316 3.1415294361085333e-06 -1.1845723283161644e-06 -0.0004949412107795471 0.8679959343220893 SALT2_ORI 17.799967757149588 0.038078115602944294 -0.0025052585688306555 0.000944654518211309
2007ap PS1_LOWZ_COMBINED(CFA3K) 0.0166797731072 0.0 54167.82802506135 0.24053454570821486 0.012946895754441252 0.00048331599898098545 -1.7264380958698977 0.07229195418450693 -0.07095172574754567 0.029894638931854945 -1.4445968928521592e-05 -1.124162180627004e-05 0.00015097721653878506 1.1344995721791746 SALT2_ORI 15.35458587206992 0.040531235315808406 0.0012114495842083647 0.0009427306766627019
2007ar PS1_LOWZ_COMBINED(CFA3K) 0.0533468127251 0.0 54165.63427207662 0.7283852922919323 0.0012290357114722026 0.00011588279718159118 -1.6968863618794032 0.24268578231633547 -0.014949821892700227 0.0574773365360364 -1.2640508348246446e-05 -5.677514662731268e-06 0.0031098714722393958 1.2636684703509544 SALT2_ORI 17.911088744634977 0.1023714341530283 0.011166687372980337 0.005015544434415646
2007bd PS1_LOWZ_COMBINED(CFA3K) 0.0318515859544 0.0 54206.5133325383 0.05649372524567298 0.004156408617571942 0.00011015400172097001 -1.4116745825070822 0.06498043545787235 -0.03476557543944165 0.026724251139318957 -1.4360903125182532e-08 -2.5878389603549736e-06 -0.0001555640656790858 1.0856948238650286 SALT2_ORI 16.588204408541884 0.028774405688079915 3.751352162565611e-06 0.0006759947613096778
2007co PS1_LOWZ_COMBINED(CFA3K) 0.0265620201826 0.0 54265.17080303047 0.05628570435146685 0.004399859427284516 9.472986598097781e-05 -0.2219245565010676 0.06044721576495719 0.11551701107755828 0.020619084772459672 -5.003945981155049e-07 -1.6312871190820082e-06 4.0546369842722895e-05 1.1696648160270673 SALT2_ORI 16.526402996812873 0.023376120730045823 0.000123480429504246 0.0004025463801319741
2007cq PS1_LOWZ_COMBINED(CFA3K) 0.0251003727317 0.0 54281.00351120921 0.07100050642111455 0.008425697110193702 0.00022368339753121023 -0.6802763560049289 0.11516780010644603 -0.04370089332889841 0.02586140470152204 -3.200027483038117e-06 -5.098890683160299e-06 0.00010370001820792551 1.7784689229245132 SALT2_ORI 15.820985392733304 0.02882386583884178 0.0004123558738364903 0.0006570435830304585
2007F PS1_LOWZ_COMBINED(CFA3K) 0.0241917762905 0.0 54124.01325331599 0.04425249945415999 0.007804407370360568 0.00020543898294475283 0.5516095763061409 0.04038129796481453 -0.038885252501629136 0.0259773249302562 1.6989111742667294e-07 -4.727368663421808e-06 -0.00014024735609673684 1.0153896264253144 SALT2_ORI 15.904150174025983 0.028580330455187514 -2.3634970383206892e-05 0.0006576636850875934
2007O PS1_LOWZ_COMBINED(CFA3K) 0.0365868210793 0.0 54125.83873452723 0.32819033455234603 0.0033248857099109443 0.00010770538024976582 -0.5608672145364231 0.09725368337998108 -0.021816750557454925 0.02895149791281738 2.5684028958122456e-06 -2.7150406819526892e-06 -0.0005294370526851842 1.6636480072059152 SALT2_ORI 16.83055819650978 0.035171022701873306 -0.0008387079303437678 0.0008865922690215397
2008af PS1_LOWZ_COMBINED(CFA3K) 0.0341075770557 0.0 54502.964849519914 0.6108373968017986 0.003078539911827586 0.00017716219783555832 -1.5645428009753712 0.13933337446557492 0.009697121472059094 0.03335170655081518 3.34665841558202e-06 -4.683077663669457e-06 -0.0003394920483841354 0.8378943647677565 SALT2_ORI 16.914138029028802 0.06248137682593756 -0.00118029595549365 0.0016516228844736859
2008bf PS1_LOWZ_COMBINED(CFA3K) 0.0245305094868 0.0 54555.09818059816 0.08849350014497759 0.009192598754896787 0.00020338810055551307 0.33640257490294145 0.06637508210326293 -0.028343074919889685 0.021457197457379024 -1.3947587302216823e-06 -3.5968343833005746e-06 -5.997456955456119e-05 1.34063640171417 SALT2_ORI 15.726404239661793 0.024022132399989318 0.00016473470567803108 0.0004248214695967289
2008L PS1_LOWZ_COMBINED(CFA3K) 0.0173041541129 0.0 54493.120047077005 0.28755079108304926 0.01601424469342325 0.000531063252702138 -1.6446632430905115 0.09598298312260364 -0.11528842050947719 0.03263809006308619 4.722133491361744e-06 -1.3820222911315786e-05 -0.0007167789508230555 1.9050530844668114 SALT2_ORI 15.123733849683338 0.03600510742240147 -0.0003201519268266155 0.0009369855812685109
2007A PS1_LOWZ_COMBINED(CFA4p1) 0.0159502848983 0.0 54113.40973281379 0.13340427917501074 0.009814145784139082 0.00031747900654383965 0.46523228413476386 0.1886118707227375 0.09078094852452705 0.030630763357652555 -2.1354731311473102e-05 -8.596850446716388e-06 0.0011850098031548693 0.6674570560090693 SALT2_ORI 15.655368737709413 0.035122613749264536 0.0023624679557154443 0.0009510671618487552
2007aj PS1_LOWZ_COMBINED(CFA4p1) 0.0315553285182 0.0 54160.504830089936 0.3684047005190223 0.004331952184983525 0.00017998565250430942 -0.3900170721008535 0.09110654647836876 -0.06518733379977755 0.030857644202818963 -1.3111816750228247e-06 -4.560140511104039e-06 -0.0003223477197848714 1.0178332052099353 SALT2_ORI 16.543290864138267 0.04511059469639267 0.00032862722273863305 0.0011429280472791568
2007cb PS1_LOWZ_COMBINED(CFA4p1) 0.0375284217298 0.0 54214.802192959454 0.7580008030927274 0.004003735784111126 0.0003538977567726592 1.2090891913021609 0.3908982205284105 -0.07603477711707843 0.05536452479411836 -8.251607523456122e-05 -1.835181902774455e-05 0.011633632628785471 0.2680668692343654 SALT2_ORI 16.628836475889337 0.09597027077451568 0.022376773890087985 0.00497666065294941
2007cc PS1_LOWZ_COMBINED(CFA4p1) 0.0300236251205 0.0 54216.37937775341 0.8306732026248937 0.005666884617650332 0.00044577166971076083 1.8850818622125496 0.6983252852379228 0.1238246754511782 0.05297262955459731 -0.00018443083805862385 -2.1421202354991477e-05 0.021765081843159235 1.8493787165419677 SALT2_ORI 16.251639074637616 0.08540679288810604 0.03533568294834254 0.004104155372040688
2007fb PS1_LOWZ_COMBINED(CFA4p1) 0.0168142337352 0.0 54288.048800948614 0.41447735321708024 0.010975155353923665 0.0003964754348845135 -1.5103302382186976 0.19317751810275546 -0.08499374455832313 0.030641356497964477 1.9196083958706765e-05 -9.531023186588728e-06 -0.000523088171926207 2.1890979735635336 SALT2_ORI 15.533973308950532 0.03922201737194058 -0.0018990057699815276 0.0009428729351306231
2007hu PS1_LOWZ_COMBINED(CFA4p1) 0.035403238 0.0 54352.857781390594 2.2082020503839885 0.0014850567111695258 0.0002205406987590583 -1.2888563227190104 0.48975699602154926 0.22000927609479767 0.06762308491660055 5.383907153524593e-05 -1.2622973913854023e-05 -0.00927517073831745 1.3633912696505535 SALT2_ORI 17.705642403109835 0.16123897455524963 -0.039362152809871015 0.009228751795744875
2007is PS1_LOWZ_COMBINED(CFA4p1) 0.0296811852604 0.0 54366.701805576966 0.5592574045622314 0.004677836233180393 0.00016183469474577886 -0.41141297360226564 0.17418793240268957 0.03563648331839015 0.03119869773953236 7.5652892982048136e-06 -4.363494230867005e-06 -0.001422926500905856 1.207177121650447 SALT2_ORI 16.45988746629527 0.03756219296972049 -0.0017559204899624439 0.0010127767261498396
2007kh PS1_LOWZ_COMBINED(CFA4p1) 0.0494341179729 0.0 54365.9085529188 1.0972711144277127 0.0013986781467469447 0.00010082489445014501 0.7922068114430565 0.3765437826940219 0.10967770607701992 0.05313124447967695 1.2377484805157835e-05 -4.802220511606166e-06 -0.003946922449005162 1.0982028585516794 SALT2_ORI 17.770705526445568 0.0782662104931315 -0.00960813136893521 0.0037277658800986854
2007kk PS1_LOWZ_COMBINED(CFA4p1) 0.0411875732243 0.0 54383.78807292675 0.24685405310083297 0.0032163733217789097 8.918483898848695e-05 0.9604575985369923 0.12705467627522699 -0.04498546395659523 0.027567710893764297 5.547923992362426e-07 -2.158130625575884e-06 -0.0003597893657414881 0.8663545261152767 SALT2_ORI 16.866583871995726 0.03010571190528634 -0.00018727869364438803 0.0007285101324895626
2007nq PS1_LOWZ_COMBINED(CFA4p1) 0.0424275435507 0.0 54398.27947099639 0.41364986420740024 0.0019731258529016187 8.387371540481739e-05 -1.7047505624584647 0.16005890448894372 -0.049186305539339274 0.033404199101449907 1.749088558405906e-06 -2.333457125872784e-06 -0.00014671837293699015 0.6233199637045109 SALT2_ORI 17.397113032589804 0.04615251952057335 -0.0009624569919839695 0.0012840128165596805
2007ob PS1_LOWZ_COMBINED(CFA4p1) 0.0326566584408 0.0 54402.4513230558 0.8206454003739054 0.0021689318718793676 0.00014024521051732668 -0.5496716321011202 0.24458017428880466 0.23931843506775408 0.03628711151869779 4.981133940374163e-06 -3.893081046040485e-06 -0.0005151823825571327 0.6158997789503649 SALT2_ORI 17.294385223389522 0.07020474205611939 -0.0024934842490592283 0.001948820566724973
2007su PS1_LOWZ_COMBINED(CFA4p1) 0.0266206469387 0.0 54460.56640176015 0.6123279943749367 0.00311419900484433 0.00013761328302876302 0.3023111210925283 0.3274943368887506 0.1920423122425502 0.03303234535473527 -4.752240741447673e-09 -3.645934517564857e-06 0.0017860932123564322 0.41912168311178616 SALT2_ORI 16.901634096034815 0.047977577350559894 1.6568240561024372e-06 0.0012711207921330015
2007ux PS1_LOWZ_COMBINED(CFA4p1) 0.0304270070046 0.0 54465.75870650587 0.3039666597469477 0.0019483673081348032 8.15805931952801e-05 -2.481003368356597 0.10069958562545367 0.16385270958422032 0.03615446549298523 8.873835299716713e-07 -2.5552902275058283e-06 -0.0006777594534393263 1.8071209507207604 SALT2_ORI 17.410822915282708 0.045461142397505275 -0.0004944983535566768 0.001423946656302531
2008C PS1_LOWZ_COMBINED(CFA4p1) 0.0170783828944 0.0 54467.29642941648 0.26993692215910414 0.010282657194264688 0.00033865746997556847 -0.7017140687914492 0.11153723765004016 0.10123437350859715 0.028431492086436968 3.7317142372769875e-06 -8.242291751721999e-06 -0.00021768198300394114 0.49002461695198923 SALT2_ORI 15.604736606423963 0.03575852712170063 -0.0003940282338190628 0.0008702959163138588
2008Y PS1_LOWZ_COMBINED(CFA4p1) 0.070289363 0.0 54503.74733086504 0.8208937693452754 0.0006968489136471511 3.454454755225983e-05 -0.6011193913309668 0.24554270493116132 0.08542542141296053 0.03677723783084074 3.3068131774304644e-06 -1.0120720147430562e-06 -0.002382275125057379 1.1865362899431693 SALT2_ORI 18.52715343166329 0.05382266545868305 -0.005152231306950825 0.0015768744224310264
2008ac PS1_LOWZ_COMBINED(CFA4p1) 0.0535120628774 0.0 54503.63495704882 1.2247876539549907 0.0013857593628342974 9.949775810404757e-05 0.24799928709267433 0.4899430661261877 -0.03621310269276898 0.045941342118218584 7.520444068211411e-06 -3.6609428989371754e-06 0.0019282912774476013 0.7258483233630603 SALT2_ORI 17.780780446075568 0.07795604429103796 -0.00589223397633432 0.0028683322339591246
2008ar PS1_LOWZ_COMBINED(CFA4p1) 0.0273902639747 0.0 54534.739382267355 0.06754194784298306 0.005692842484222416 0.00015134283132046947 0.03110986371008233 0.06595088863694068 -0.03890870155736051 0.026507147666368313 -2.5420152705042114e-07 -3.540310228715676e-06 -0.00011759186173061478 0.7885333551686206 SALT2_ORI 16.246677081389542 0.028864032642856537 4.84811940587433e-05 0.0006752062791207147
2008at PS1_LOWZ_COMBINED(CFA4p1) 0.035134088248 0.0 54526.40065653831 1.0186146985033702 0.0016557109773115526 0.00012069448930001169 -1.511946760735224 0.18460280098944684 0.22753718776756335 0.0470294584537793 9.219373909319362e-06 -4.811764897171556e-06 -0.0031422059969681638 0.9908305380824081 SALT2_ORI 17.587538679617033 0.07914568336111075 -0.006045625218239399 0.0031553256753339668
2008bw PS1_LOWZ_COMBINED(CFA4p1) 0.0327615253627 0.0 54565.401819219034 0.7266965066919511 0.0041351911808657485 0.0004196881181876695 -1.5362166685032934 0.245229036847699 -0.1891642553074085 0.05970165238877654 -5.259244647777765e-05 -2.0565121790789575e-05 0.002636920301671804 0.8171640027304278 SALT2_ORI 16.593761017651204 0.1101933537514853 0.013808677940199255 0.005399580407996011
2008by PS1_LOWZ_COMBINED(CFA4p1) 0.0458415560424 0.0 54574.99896107638 1.0786687873514893 0.0025985901293704198 0.00019173816708975802 0.4957976465935997 0.28822122643884573 -0.1506844517689818 0.03450027058876381 -7.923284563806607e-06 -4.772772240847511e-06 0.0014990298069063569 0.4594686721353695 SALT2_ORI 17.098155538829367 0.08011154490675704 0.0033104862572576133 0.001994147349512255
2008bz PS1_LOWZ_COMBINED(CFA4p1) 0.0614346414804 0.0 54577.775509294326 0.8472572702703474 0.001229834004825569 5.810882187398193e-05 0.07927227988967206 0.3454585629292393 -0.10762580172665101 0.03538668658355419 7.3824528380851855e-06 -1.6405329610349058e-06 -0.0020462668357859436 0.9255710372447858 SALT2_ORI 17.91038375728207 0.051300298639385636 -0.006517461945903293 0.0014483141821625644
2008cf PS1_LOWZ_COMBINED(CFA4p1) 0.0469273999333 0.0 54595.08633168796 0.7652548198602744 0.0028219415174481556 8.265838508465109e-05 1.3976216807677204 0.4293921470926809 -0.11384259061439433 0.029347260371230054 7.135476610706224e-06 -2.05741485471738e-06 -0.0011955624869433937 0.43217296062432675 SALT2_ORI 17.008629977262768 0.03180264394508092 -0.002745359975232339 0.0007915861410174975
2008ds PS1_LOWZ_COMBINED(CFA4p1) 0.0199417900294 0.0 54652.67154852709 0.786633215026086 0.013322758570891874 0.0013971107989281084 1.393958202442413 0.42853477945524404 -0.06517233212043 0.06203208747672878 -0.0004559873961391514 -8.216824217883691e-05 0.018349741219730726 1.0958373187761203 SALT2_ORI 15.323514605317216 0.11385733430379624 0.03716062422562698 0.006696288530651127
2008fr PS1_LOWZ_COMBINED(CFA4p1) 0.0395896881819 0.0 54732.61000133019 0.32216954598698067 0.003403777450836391 0.00010293603257606048 0.5633240171789088 0.10758972130261199 -0.09267741450229201 0.02818995544446304 2.364072954992768e-06 -2.441151583847579e-06 -0.000650293606748788 0.4893911838785298 SALT2_ORI 16.805097107832708 0.03283451370022109 -0.0007540914865907197 0.0007786780111709972
2008gb PS1_LOWZ_COMBINED(CFA4p1) 0.0364040955901 0.0 54747.034981072815 0.5225814290097333 0.0028473099574422064 9.197088541755236e-05 0.10001246449564928 0.24798430779576403 -0.017502804938055817 0.030263182543882435 5.275571231277691e-06 -2.3706044502318012e-06 -0.0011453138084839545 0.5853232212869681 SALT2_ORI 16.998913132730124 0.03507033711609002 -0.0020116807696356587 0.0009039588654722888
2008gl PS1_LOWZ_COMBINED(CFA4p1) 0.0329675003886 0.0 54768.48655992575 0.09744432395382319 0.0033739945429328527 9.400743843770766e-05 -1.4486401039688706 0.09292552617018345 -0.01337853067810789 0.0281490564609212 -9.026707860972976e-07 -2.286756479939982e-06 -0.0001203246853579259 0.5676330555491302 SALT2_ORI 16.814639060425375 0.030251169090412342 0.00029047538191671044 0.0007358679067625
2009D PS1_LOWZ_COMBINED(CFA4p1) 0.0246628429741 0.0 54841.93188147604 0.29960245201800717 0.009131255890338218 0.0002923361558634595 0.4735614889008022 0.11220349890490874 -0.04453692611805107 0.0285818564094637 3.1366386391093408e-06 -7.354012848188722e-06 -0.0002041452336466241 0.8998797336139224 SALT2_ORI 15.733673716423354 0.034759725517780574 -0.0003729565979338839 0.000874416191532138
2009ad PS1_LOWZ_COMBINED(CFA4p1) 0.0283352248371 0.0 54886.61003022506 0.11066403163204086 0.0062514907682759595 0.00017049706844774956 0.18801856419560348 0.06978138051543362 -0.06079698321456857 0.026789070975571934 -9.686344307019092e-07 -4.010679616939935e-06 -7.972057219794245e-05 0.5750629834194964 SALT2_ORI 16.145041014545978 0.029611311426426014 0.00016822890884287043 0.0006965602649363029
2009an PS1_LOWZ_COMBINED(CFA4p1) 0.00930773187429 0.0 54898.546831538115 0.10661235896623111 0.027801602998669447 0.0008724606352654981 -1.378536648582949 0.09523198428397907 0.042505576448840336 0.029207126848206234 -2.774419400488661e-05 -2.2680366862400477e-05 0.0006021492688644528 0.22067149162779595 SALT2_ORI 14.52482540648124 0.03407221155482882 0.0010834942109050505 0.0008857365325619269
2009ds PS1_LOWZ_COMBINED(CFA4p1) 0.0205038152635 0.0 54961.20120865792 0.22802765763481148 0.011171226546808346 0.00037021844896466765 0.5373877744795138 0.12699815726256589 -0.03178015943305122 0.030219308854967025 -4.933338871596508e-06 -9.806030991059476e-06 -0.0002755949579878809 1.0369981366511292 SALT2_ORI 15.514747852066257 0.035981686704328865 0.0004794732790342757 0.0009530522747312227
2008050 PS1_LOWZ_COMBINED(CFA4p1) 0.0470199026167 0.0 54621.14622993101 0.5957656820064585 0.0024491658075719396 8.879928746896184e-05 1.0962732699483506 0.38897556420230756 0.019444943902760824 0.03317660208862969 -5.418234711300181e-06 -2.4400714520566275e-06 -0.00030721846650843475 1.5509723862884641 SALT2_ORI 17.162454530781524 0.03936548561298042 0.002401949910352496 0.001081704598971625
2008051 PS1_LOWZ_COMBINED(CFA4p1) 0.0390846207738 0.0 54616.68381528451 0.31981165294200764 0.003947789083593735 0.0001225918011367139 0.8124202892759653 0.1287711389555733 -0.1077106462777252 0.02923886842246781 7.903959859921444e-07 -2.9632048459038116e-06 -0.000331084850479709 1.7804481971989115 SALT2_ORI 16.64411514550136 0.03371567074183049 -0.00021737775750318772 0.0008149520440904053
2009kk PS1_LOWZ_COMBINED(CFA4p2) 0.0124309100211 0.0 55126.7619733299 0.26382979027403053 0.025118668019115088 0.0008327998920564097 -1.244076434553509 0.07764019132126691 -0.10199791532320644 0.029464942342406025 -4.798062316089766e-06 -2.0534035034212097e-05 0.00018625504996189283 0.4199964305550437 SALT2_ORI 14.635008484718226 0.03599717124475777 0.00020739276323489657 0.0008875687695482084
2009kq PS1_LOWZ_COMBINED(CFA4p2) 0.0124703012407 0.0 55155.248821487745 0.20804922925526625 0.02811306755993491 0.0009272552488453651 -0.015086003877702816 0.13555778643185562 -0.013606074115163099 0.02973914204073266 -5.351897331149192e-05 -2.4506218149260082e-05 0.0008594675925022475 0.15108284711162695 SALT2_ORI 14.512729409312321 0.03581091222354508 0.0020669209022419963 0.000946438457120616
2009le PS1_LOWZ_COMBINED(CFA4p2) 0.017025610432 0.0 55166.08399525299 0.06545694130545598 0.01334755742607221 0.00044664694907867403 0.08450948733711981 0.11719107355263231 0.0500324291056756 0.032695682086332264 -2.3288823166814505e-05 -1.2104464227957206e-05 0.0008989742104302286 1.3013559590796113 SALT2_ORI 15.321495504930963 0.036331798236898895 0.0018943929343229029 0.0009846187307515615
2009na PS1_LOWZ_COMBINED(CFA4p2) 0.0221200753003 0.0 55201.99845430503 0.08569170061309705 0.008559102046731078 0.0002354259433838536 -0.5724087022665161 0.09209149208616241 -0.015706982309195722 0.028056671978573932 -2.075631226806651e-06 -5.777485440018383e-06 1.1161548893213198e-05 1.1442666706662636 SALT2_ORI 15.803929489184917 0.02986416903030279 0.0002632972429077665 0.0007328835525552182
2009nq PS1_LOWZ_COMBINED(CFA4p2) 0.0152608081698 0.0 55203.83945245881 0.6330592804879416 0.014338663270287105 0.0006073395870718878 -0.3815123199645787 0.7073052130523307 0.03160256139830402 0.04109749024587449 -7.537251741132189e-05 -2.0653523644676818e-05 0.0075421593654982685 0.030406848600434636 SALT2_ORI 15.243728335303318 0.045988288157463475 0.005707273366745021 0.0015639029911052994
2010A PS1_LOWZ_COMBINED(CFA4p2) 0.0198460221291 0.0 55212.49838476965 0.11068619009165559 0.008100542121307971 0.00026065234936030105 0.5424399310690415 0.12061012810810916 0.12732299530832356 0.031900538129143084 -8.480734846599522e-06 -6.871054204168237e-06 -0.0004527318769411347 0.8960718187214253 SALT2_ORI 15.86371478847804 0.034935895439804 0.0011366943999570511 0.0009209448210506241
2010H PS1_LOWZ_COMBINED(CFA4p2) 0.0162116121501 0.0 55215.42824905494 1.439659376264899 0.01611026984448626 0.0015293922652320213 -1.3340238425370894 0.1532885978907211 -0.11930597455281046 0.04188665420986551 0.00011520812332092624 -3.840055963305567e-05 -0.000515566801745838 0.4641284422229234 SALT2_ORI 15.11724296288897 0.10307192676898368 -0.007764341117760954 0.0025879689340431184
2010Y PS1_LOWZ_COMBINED(CFA4p2) 0.0112250130624 0.0 55247.834817710245 0.0857417957195139 0.017704692335783565 0.000574454332571444 -2.5100401584321275 0.08387086725286576 -0.0361957784658293 0.03109779086841474 -1.3470588146001863e-05 -1.5826840017587177e-05 0.00024834680263585127 1.3297826452856911 SALT2_ORI 15.01477903953839 0.03522828044813806 0.000826080734537239 0.0009705773411988908
2010dt PS1_LOWZ_COMBINED(CFA4p2) 0.0529409609735 0.0 55361.68563817384 0.17893216889206087 0.0015585923103964244 7.667211550370246e-05 0.011538670356286513 0.40874856107539476 -0.0656452665854271 0.040051234038270496 -2.4358553804705046e-05 -2.5029347675505073e-06 0.007336298732375048 2.4988665425866605 SALT2_ORI 17.653168676909353 0.05341081894379006 0.01696849367528987 0.0017435777638260402
PTF10bjs PS1_LOWZ_COMBINED(CFA4p2) 0.03052168 0.0 55261.73751730189 0.14613792672025738 0.005391501279212666 0.0015808385989716804 0.8061009735464191 0.18374889660575444 0.08506832997347977 0.22626822656215792 3.8676488943619344e-05 -0.0003568022475999141 -0.0065286263427127835 1.5530888999033248 SALT2_ORI 16.305725718529366 0.3183480095609506 -0.007788640333059012 0.07185255054133516
2004eo PS1_LOWZ_COMBINED(CSP) 0.0145681118593 0.0 53278.26339699083 0.02796657535873237 0.01772757903305834 0.00031423323646447617 -1.1911185256874872 0.02274047764705089 -0.03359456004579253 0.019164695253713747 4.070252428121911e-07 -4.8290465134199305e-06 -8.283012969801472e-05 1.669131166986365 SALT2_ORI 15.013376424445738 0.019245402935820125 -2.4928504989179263e-05 0.0002957578485084607
2004ey PS1_LOWZ_COMBINED(CSP) 0.0146194901317 0.0 53304.49169916441 0.02142753975567757 0.02426266181791927 0.0004046222095276756 0.06673720864306348 0.017629934711907103 -0.1476235244634223 0.017884490095852565 1.6105691335256685e-06 -5.713575982538092e-06 -0.00010835044712449336 1.8871826274179317 SALT2_ORI 14.672653887752377 0.01810654516929264 -7.207177974360896e-05 0.0002556783072456024
2004gu PS1_LOWZ_COMBINED(CSP) 0.0469775982201 0.0 53362.52509539259 0.11536304924447904 0.0019070632020864653 3.323784602746125e-05 1.3245298190677892 0.05758214407886311 0.07079276928577934 0.019511789418173477 1.4730134426819563e-07 -4.987060373181398e-07 -0.0002299903355954969 1.5184299062462736 SALT2_ORI 17.43408728434545 0.018923092197840365 -8.38621406498463e-05 0.00028392514713480047
2005be PS1_LOWZ_COMBINED(CSP) 0.0341570302844 0.0 53459.60317431855 0.25491580522430013 0.003526437129426936 0.00011835775126071102 -1.8550813281304384 0.06221206451251824 -0.13293504546691573 0.024100160826468753 -3.2096986160571413e-06 -1.988651182576782e-06 0.0002697256107440046 0.5332329309886542 SALT2_ORI 16.766659636266404 0.03644054634780739 0.00098821724758258 0.0006122753669819585
2005bo PS1_LOWZ_COMBINED(CSP) 0.0155565319583 0.0 53478.73515307556 0.13894373218499823 0.010003425407723714 0.00018203824806879254 -1.1526050415806082 0.1071547636512466 0.196616013854845 0.019881186006845113 8.529683053970631e-07 -2.8844438965786894e-06 -3.595212286541951e-05 0.6171125069842787 SALT2_ORI 15.634628154764272 0.019757783811375877 -9.257814527868958e-05 0.00031306727860349264
2005el PS1_LOWZ_COMBINED(CFA3K) 0.0148946074769 0.0 53646.7891018089 0.05073035749956034 0.020915919747279257 0.00046150466473058205 -1.353634289267743 0.03147407450587132 -0.12106367283766485 0.021605961418832195 -4.698537702826154e-07 -8.259297150800903e-06 -0.00010253418428034369 1.5419043918493103 SALT2_ORI 14.833807582981438 0.023956504385992144 2.438990278705308e-05 0.00042873648640991217
2005eq PS1_LOWZ_COMBINED(CFA3K) 0.0278772227466 0.0 53654.77367859019 0.08601093018296524 0.005454507487524834 0.00011999682609999946 1.305198003530729 0.0734466561690522 -0.0068677365172351195 0.021666206056145255 -8.527974561544547e-07 -2.097254288695353e-06 -0.00019785469894877488 0.7901977684854691 SALT2_ORI 16.29311114436038 0.023885730994193912 0.0001697519117152572 0.0004174648063145474
2005hc PS1_LOWZ_COMBINED(CFA3K) 0.0449722185731 0.0 53668.292782460485 0.12648211801206344 0.002000791922359525 4.4507839111080315e-05 0.32894437743351373 0.10782876096922152 -0.014673515322350193 0.022245648407469974 -6.375584409652854e-07 -8.099977209015068e-07 4.082055479142256e-05 1.4571468163120804 SALT2_ORI 17.381995186542753 0.024152322777004104 0.000345973149066309 0.00043954788177933687
2005iq PS1_LOWZ_COMBINED(CFA3K) 0.032951567322 0.0 53687.81407183557 0.13494437890403788 0.0033279148610246166 8.095390747742362e-05 -1.1229163955221297 0.10669060103314851 -0.07807997749917622 0.023670331092069875 -7.803834109651906e-07 -1.5979009506309598e-06 2.3689344990528254e-05 0.7975183273335442 SALT2_ORI 16.829569482290555 0.026411309163665693 0.00025460102143859577 0.0005213170967911468
2005kc PS1_LOWZ_COMBINED(CFA3K) 0.0138991074637 0.0 53697.96701918624 0.06784257660547155 0.009910788048835488 0.00023264210481413494 -0.44146759183887646 0.0637111186893887 0.24259989134765406 0.02200065075501923 -2.770002126082661e-06 -4.289872031390341e-06 6.854612913488764e-05 4.363402941904707 SALT2_ORI 15.644729528859042 0.0254861626243254 0.0003034563528879338 0.0004699595385663676
2005ki PS1_LOWZ_COMBINED(CFA3K) 0.0206604059786 0.0 53705.34087647029 0.0812675978304469 0.010663031747760435 0.0002448727205625917 -1.5985921142767139 0.05481384735749793 -0.10417200275412682 0.02340295431078264 -1.7124384944932146e-06 -4.435985128438177e-06 -0.00011607827048377867 1.0080614758621427 SALT2_ORI 15.56529824434186 0.024933544657997162 0.0001743647131392335 0.00045168295205775253
2005lu PS1_LOWZ_COMBINED(CFA3K) 0.0315438061953 0.0 53711.31114463851 1.5492549879854778 0.002418609415005396 0.00031900226431854294 0.5380867809587019 0.44763189427019245 0.12259989352825268 0.08177002450484844 -1.6688150379569006e-05 -2.547074560186911e-05 0.006536545079030062 0.6006084603554485 SALT2_ORI 17.17608565216677 0.14320307595829473 0.007491465527725886 0.011434054002502712
2005M PS1_LOWZ_COMBINED(CFA3K) 0.0256227981299 0.0 53400.30403237295 0.81819684608854 0.005033556648305636 0.00020160551257918384 3.229620661287389 0.4887916617005651 0.41447980347234054 0.033499384532093786 -5.682057034760751e-06 -4.453718011232361e-06 -0.001243967125500079 13.876241988379252 SALT2_ORI 16.380312598545306 0.04348623038934545 0.0012256174850474783 0.0009606652370160698
2006bh PS1_LOWZ_COMBINED(CSP) 0.0104218274355 0.0 53833.52431654682 0.04008602661269833 0.033143816536805155 0.0005756312822420146 -1.665732680586916 0.03244797077543136 -0.08818539799507821 0.019409321379501555 1.1958139535131052e-06 -8.78089304986389e-06 -0.0001138449253020913 1.1655229344975955 SALT2_ORI 14.333993709206347 0.018856721676197917 -3.917287262444172e-05 0.00028764742538806145
2006ef PS1_LOWZ_COMBINED(CFA3K) 0.0168199967593 0.0 53969.30145979541 0.6272440540669777 0.011531839311403762 0.000857459799105733 -1.132659914514141 0.19614747178390737 -0.039724856596933075 0.04053344771011531 -9.97665098102105e-05 -2.7826873558511966e-05 0.003241224293501317 0.35679617014109966 SALT2_ORI 15.480253544624086 0.08073084638745281 0.009393133983074634 0.0026199328027252376
2006ej PS1_LOWZ_COMBINED(CFA3K) 0.019163031131 0.0 53975.69033004634 0.2924864310552948 0.008820130574747646 0.000260706969999695 -1.0915557755618368 0.07540182739782068 0.0022064754046037505 0.027870209283815773 5.412519471020075e-06 -6.28280367371266e-06 -0.0005114615865779578 2.933733103601763 SALT2_ORI 15.77131246362379 0.03209238159941403 -0.0006662677268599224 0.0007733975543930524
2006eq PS1_LOWZ_COMBINED(CSP) 0.0483443513513 0.0 53974.43197461419 0.32306276511008036 0.0009425581989289532 3.4891500627517924e-05 -2.0872416296733114 0.06785613056591544 0.08595448669541214 0.02687450556030807 -6.685599649353524e-07 -6.66678050046941e-07 2.526961680488786e-05 1.3467457256383288 SALT2_ORI 18.199229561178488 0.04019164600412403 0.0007701166461731156 0.0007679488615939316
2006et PS1_LOWZ_COMBINED(CFA3K) 0.021604731679 0.0 53994.45707230395 0.21232109700940782 0.007199434522099561 0.00021772627616077 0.8145957734613921 0.14603872813674976 0.1545514562821026 0.028777102211639625 -4.908990570891191e-06 -5.377914665070642e-06 -0.00019744934790049957 1.0291116036635872 SALT2_ORI 15.991754034469125 0.03283498169603129 0.0007403176979069883 0.0008110354556379891
2006lu PS1_LOWZ_COMBINED(CSP) 0.0554896369576 0.0 54035.83230728046 0.2973347177467076 0.0022147290409264358 4.929013398400646e-05 0.26112060128011405 0.06608650904477535 -0.1652898126642655 0.020580909562826932 1.359228555624212e-06 -7.458491338911e-07 -0.00035312077175574374 1.5751021527173517 SALT2_ORI 17.2716984989168 0.024163715748012564 -0.0006663404985943493 0.0003656408495074044
2006py PS1_LOWZ_COMBINED(CSP) 0.0566123537719 0.0 54070.91625540959 0.18405402873031562 0.0012855480873516986 2.330441453092955e-05 0.09828681977057026 0.18367539475826652 -0.0009965753467625308 0.020508670476811253 -4.765179071774263e-07 -3.637902196918011e-07 0.0004701034875954356 1.6231728733896589 SALT2_ORI 17.862279183626526 0.01968222490925728 0.00040245304639200427 0.0003072465482563035
2007bc PS1_LOWZ_COMBINED(CFA3K) 0.021865779534 0.0 54200.36218672264 0.14100673453867785 0.007744905096392397 0.00022522924349424297 -1.3143630284256678 0.08029899521139189 0.005651722835249578 0.028654184456445478 -1.222905874219074e-06 -5.627705867530962e-06 -7.085207571432373e-05 2.123857828386296 SALT2_ORI 15.912459748947095 0.03157424668068448 0.00017143569432109785 0.0007889320700590995
2007ca PS1_LOWZ_COMBINED(CFA3K) 0.0151477595791 0.0 54227.855913936175 0.07774409243938862 0.007421030727206013 0.0002015306253382143 0.5914152335754126 0.06807494155641951 0.2327768294708249 0.026291727761083405 -6.452281099408237e-08 -4.700817315073481e-06 -0.0001721349528465321 2.446074050624406 SALT2_ORI 15.958839425464976 0.02948500071493789 9.440029896684774e-06 0.0006877545368756019
2008bq PS1_LOWZ_COMBINED(CSP) 0.0336000137031 0.0 54563.60975166714 0.08007819564227248 0.0037313704550947513 6.470396775199919e-05 0.36698068377495063 0.03937826041318884 0.05290598236495232 0.018940997195634978 4.3337921281518587e-07 -9.618193879866178e-07 -0.00015631885647178557 1.1014921009027427 SALT2_ORI 16.70532907880729 0.01882724892242416 -0.00012610259619238938 0.00027986557339798086
2008gp PS1_LOWZ_COMBINED(CSP) 0.032846134156 0.0 54779.24029106032 0.02916607619044953 0.005019236497170958 8.519749532637893e-05 -0.11016510952685692 0.025713406372900302 -0.10122699199355167 0.018783419567532537 1.3053277213624955e-07 -1.2464933588256478e-06 -8.640055958073083e-05 1.7095163694757907 SALT2_ORI 16.383405851701134 0.018429497251763086 -2.8236198213742412e-05 0.0002696352262800092
2008hv PS1_LOWZ_COMBINED(CFA4p1) 0.0135901076719 0.0 54817.01697519115 0.056870938911742996 0.022776835188849782 0.0006298866772950896 -1.4271731766635074 0.060667016613167264 -0.09695851032137179 0.02685884809602477 -3.274218396918934e-06 -1.4888319572448731e-05 -0.00011587441034714458 1.1733349553035637 SALT2_ORI 14.741266551773123 0.030025715371065798 0.0001560768836559129 0.0007097029703112575
1993ac PS1_LOWZ_COMBINED(CFA1) 0.0502062439919 0.0 49271.227660084594 1.0418436469844892 0.001402319380028617 9.923338726070388e-05 -0.8978597921247748 0.3575526496239087 0.0036219509286608545 0.038222874890416814 1.7436923478576765e-05 -2.8770082078001293e-06 -0.0020361786621757513 0.9042342675885425 SALT2_ORI 17.76788265995382 0.07683077250742387 -0.01350041894158342 0.002227503960282683
1993ae PS1_LOWZ_COMBINED(CFA1) 0.0169262420386 0.0 49289.692057215325 0.3196269348882197 0.01332240548499844 0.0005964387766841812 -1.5276106777539 0.12833236857338204 -0.09141949701371004 0.03235932301464184 -3.966675382803401e-05 -1.5320144386201734e-05 0.0008369502713586574 0.6101716456416209 SALT2_ORI 15.323543380380272 0.04860797657726752 0.0032327218087469657 0.0012485459507257436
1994M PS1_LOWZ_COMBINED(CFA1) 0.024312755093 0.0 49475.57347038366 0.2597912809251284 0.005424334272631035 0.00017146935428422305 -1.4090537616530912 0.09124958484233023 0.05716170440343272 0.02872254464840958 2.3000383617015946e-07 -4.027846152050296e-06 -6.778853923421182e-05 1.4516665378534064 SALT2_ORI 16.299133887691205 0.03432135200299497 -4.603762961718672e-05 0.0008062147675046481
1994Q PS1_LOWZ_COMBINED(CFA1) 0.0295564010739 0.0 49496.4963284792 0.5523072335345205 0.004987798538390665 0.00031692164264292033 0.8692218611675717 0.30354597087198604 0.05625453508259113 0.04034768428248243 -4.812425008088793e-05 -1.1172330143079405e-05 0.004783238316684846 0.17347941726301033 SALT2_ORI 16.390227740946948 0.06898700876556649 0.010475611682686996 0.002431975396457321
1994S PS1_LOWZ_COMBINED(CFA1) 0.0161136966199 0.0 49518.75192935381 0.24147849313521874 0.022141365365699762 0.0006816899200527915 0.3421515135583681 0.18070971261432245 -0.08270186850084571 0.02811041721544413 -4.52849861088339e-05 -1.614109500369564e-05 0.0005595618475935185 1.57606958100005 SALT2_ORI 14.771989003753244 0.03342772292473749 0.002220619557025951 0.0007915036376709484
1995ak PS1_LOWZ_COMBINED(CFA1) 0.0219348929822 0.0 50022.20422966081 0.3819656615960412 0.006895730099772463 0.00027716244935129436 -1.04640930165914 0.12047170249692292 0.08504454712609509 0.03283481104311892 -6.68485711223124e-06 -7.651360256464453e-06 0.0005427187991232402 1.718187442566029 SALT2_ORI 16.03854936305457 0.04363936834912829 0.0010525341458221846 0.001204710556517434
1996bl PS1_LOWZ_COMBINED(CFA1) 0.0348066575825 0.0 50377.112187969076 0.1529160986901843 0.0037182526968941587 0.00010612462276591425 -0.13633477720958165 0.1095577961485462 -0.0049333280864374985 0.027537621010603093 -2.2769245826003157e-06 -2.552134541444282e-06 0.00023232139376491189 1.7287642064744344 SALT2_ORI 16.70915274597361 0.03098857300621271 0.0006648659078222207 0.0007452276907845459
1996bv PS1_LOWZ_COMBINED(CFA1) 0.0167309138924 0.0 50404.54222673002 0.49745333213650156 0.013107932204017807 0.0004249846473537427 0.7514390590150456 0.20181835050084007 0.1545620413684352 0.02705945659383165 3.208733050192325e-05 -9.19848648168089e-06 -0.0002265332420187961 2.4637456717826205 SALT2_ORI 15.341164533782802 0.03520167871763108 -0.0026578087144286085 0.0007619149723003559
1996C PS1_LOWZ_COMBINED(CFA1) 0.0275155156851 0.0 50129.56273418655 0.34154451301219524 0.003948069746502848 0.00012393179199253474 0.6783703270199841 0.12959262264001717 0.06447453715280069 0.02914564534616662 2.606832955103012e-06 -2.985474236324382e-06 -0.0005703932914520268 1.1591291481228663 SALT2_ORI 16.64403795924754 0.034081777204173706 -0.0007168903035765866 0.0008210182886513684
1997dg PS1_LOWZ_COMBINED(CFA2) 0.0328005328774 0.0 50720.83596085549 0.2819605572440196 0.00334173082163767 8.259221387005135e-05 -0.3398765163486562 0.17387678789356711 -0.058762933230448906 0.023393579203062783 1.0509297047353118e-06 -1.547167621439975e-06 -5.38365055970801e-05 1.324912647268787 SALT2_ORI 16.825071339267527 0.02683440456939479 -0.0003414495331876304 0.0005026783996335407
1997E PS1_LOWZ_COMBINED(CFA2) 0.0131341582164 0.0 50468.5633361342 0.0937674291926669 0.01616281629728368 0.0003589203687062047 -1.6892112422070542 0.08586331070295058 0.006818802360454912 0.021888871159232933 -9.431786786221116e-07 -6.3289917187147845e-06 -0.0001654065812650193 0.8702311776689137 SALT2_ORI 15.113707407820119 0.02411045400515719 6.335797054799536e-05 0.0004251496349542662
1997Y PS1_LOWZ_COMBINED(CFA2) 0.0167807806283 0.0 50489.14262165333 0.42655926738734706 0.013311137892613385 0.0003089884529395186 -1.0650273272940893 0.1271766473167052 -0.02120881915452804 0.02320498893974676 4.923311062286045e-06 -5.7420391194791246e-06 -0.0005084207639792503 0.890078945994319 SALT2_ORI 15.324462044003006 0.02520295056028255 -0.00040157476473716376 0.00046835513323136225
1998dk PS1_LOWZ_COMBINED(CFA2) 0.0120226023719 0.0 51058.430024548805 0.4230419673367578 0.02017171611774651 0.0008794992505306625 -0.04598830184440369 0.19285871806591023 0.14943157054661585 0.030497948238383334 -6.185388462506158e-05 -2.3365565793937656e-05 0.0011600040987425346 1.3955516923291214 SALT2_ORI 14.873142881046753 0.04733876744967092 0.0033292656683423546 0.001257644147828228
1998dx PS1_LOWZ_COMBINED(CFA2) 0.0538899973035 0.0 51072.429577483796 0.42671359613450477 0.001741343933970515 5.8132071504350196e-05 -1.5825426766686923 0.2815192567306314 -0.13687918409188002 0.027797357752954707 1.0475157979283097e-06 -1.2170712325301128e-06 0.0007860829661279155 0.7230677123062141 SALT2_ORI 17.532788606563916 0.0362456223946223 -0.0006531310700199243 0.0007588496879617111
1998ec PS1_LOWZ_COMBINED(CFA2) 0.0201 0.0 51089.99394486171 0.820779754933028 0.006316968908067193 0.000541632490371175 -0.12123138922320881 0.2410193598605976 0.11138577267210416 0.047700937884498265 -4.625523667526073e-05 -2.4042123551555452e-05 0.004614735681788945 0.6221382733461729 SALT2_ORI 16.13372815171219 0.09309369937190745 0.007950171331989789 0.004132267288169816
1998ef PS1_LOWZ_COMBINED(CFA2) 0.016024671495 0.0 51114.25323544238 0.09226389478499186 0.020819873967973055 0.0005199287961811518 -1.1741724417469181 0.10554558148025589 -0.07844384444811557 0.02193365429606316 -1.959111666460272e-05 -8.417545842470653e-06 0.00025912286329100555 1.2336539975776248 SALT2_ORI 14.838804759491602 0.02711378170581429 0.0010216577048986983 0.0004389668395899239
1998eg PS1_LOWZ_COMBINED(CFA2) 0.0236171036959 0.0 51111.39615119284 0.45065382934262743 0.006458859427056484 0.00015290142914181013 -0.5529660652933376 0.2647103289540952 -0.020145442223425358 0.0237365635342022 1.536548673511859e-06 -2.9922134261475647e-06 -0.00019176033280054802 0.5733055841439086 SALT2_ORI 16.1096104187389 0.025702776047903483 -0.0002582942923662913 0.000502991973400533
1999cc PS1_LOWZ_COMBINED(CFA2) 0.031528186053 0.0 51315.95312035005 0.12750391964800656 0.003497188699954854 7.615835265631042e-05 -1.5932957511976786 0.07406690817529013 -0.01597283436247504 0.021686898397870438 6.171504385855604e-08 -1.3391049549602878e-06 -7.4181362919549e-05 0.6943111024501677 SALT2_ORI 16.775702333912236 0.023644100409783753 -1.9160034886403224e-05 0.00041573814177946926
1999dq PS1_LOWZ_COMBINED(CFA2) 0.0133431283757 0.0 51436.6203843301 0.035894039894628804 0.032129500711628046 0.0007065228360404424 0.898648023353398 0.03393647454616402 0.005244131608239103 0.020932616801235933 1.0597604581338064e-06 -1.233716656790377e-05 -0.00010331006940429022 1.241101684985363 SALT2_ORI 14.367740058193228 0.023875174079498802 -3.581195699535139e-05 0.0004169037211977883
1999ef PS1_LOWZ_COMBINED(CFA2) 0.0379901379347 0.0 51457.894160228505 0.5990855530799308 0.002644904219105864 0.0001175242827715748 0.3138448097047039 0.15760008315928692 -0.047871121870020135 0.025752117181637092 1.5373108257773614e-06 -2.0898722490255437e-06 7.868475047169035e-05 1.0762076073749116 SALT2_ORI 17.078975126526593 0.0482438523941965 -0.0006310678509474945 0.0008578949467037432
1999ej PS1_LOWZ_COMBINED(CFA2) 0.015444220975 0.0 51483.06095346491 0.594107519944373 0.013321129901414408 0.0006105321359090208 -1.5109488496839998 0.22123832794207082 -0.05852155283604027 0.030436277979144895 2.5871289432868067e-05 -1.4692372506635022e-05 -0.00045441653098735827 0.8118972292537767 SALT2_ORI 15.323647341604662 0.0497613077141716 -0.0021086346134991754 0.0011974990772031166
1999X PS1_LOWZ_COMBINED(CFA2) 0.0257653091103 0.0 51207.833968602754 1.3080908088704746 0.005707090909887612 0.000593149484126184 -0.47993145252721436 0.4691829392512217 -0.013914020131780171 0.04770111963293309 -5.791478152985006e-06 -2.388688385492637e-05 0.006686705316634045 0.3676157891035948 SALT2_ORI 16.243963023486515 0.11284275647925286 0.001101790318228064 0.004544321271492892
2000B PS1_LOWZ_COMBINED(CFA2) 0.0204512048513 0.0 51564.56376828173 0.33167344621688244 0.00950064466616789 0.00042650599623634774 -1.4780844326419653 0.15438121042569022 0.04511290221597483 0.031010457027842626 -3.7458479462752954e-05 -1.0453978907992064e-05 0.0010104927041264685 0.7986006733579726 SALT2_ORI 15.690617311656744 0.048741218931095856 0.004280765017212678 0.0011946834960161706
2000cf PS1_LOWZ_COMBINED(CFA2) 0.0364584960043 0.0 51673.25928853777 0.27054889293867745 0.002729611030321055 7.347743728146856e-05 -0.5104832616995679 0.08366704604248537 -0.04542093148449626 0.023356467352402606 1.49631351616393e-06 -1.40923256121824e-06 -0.0002210787500244463 1.546724200529895 SALT2_ORI 17.044748088827323 0.02922655023120706 -0.0005951770197737781 0.0005605395038496406
2000cn PS1_LOWZ_COMBINED(CFA2) 0.0232076905668 0.0 51707.82477622847 0.06516063680464868 0.0043300310531355895 0.00010031680438973347 -2.4607021382972967 0.14913195248422614 0.07503243070033572 0.022592641601587735 -3.7620715455432704e-06 -1.8036022590061935e-06 0.00042464556216525377 0.7770960558301783 SALT2_ORI 16.543772472651764 0.0251539966191929 0.0009433228611441084 0.0004522453182335766
2000dk PS1_LOWZ_COMBINED(CFA2) 0.016024671495 0.0 51812.87309201486 0.08729596599005163 0.01292623377393068 0.0002845624639778969 -2.003073404157099 0.07396822666602183 -0.03626105001266436 0.022081803959808757 -1.8919915488422295e-06 -4.940346607457021e-06 -4.334970441775609e-05 0.9594286670294594 SALT2_ORI 15.356319985065156 0.023901762497834936 0.00015891742015507152 0.0004149633427323509
2000fa PS1_LOWZ_COMBINED(CFA2) 0.0218040905893 0.0 51893.15107658633 0.07816814109537518 0.00797277613970749 0.0001936097077308579 0.5101311104800877 0.08287425021355406 0.029537808616354008 0.02245412774352096 -4.807006011473592e-06 -3.4709100495472223e-06 5.4842925793278845e-05 0.9163741095268625 SALT2_ORI 15.880976074732942 0.02636585620774054 0.0006546202190669228 0.000472670076045872
