SNNAME SURVEY Z ZERR T0 T0ERR X0 X0ERR X1 X1ERR X2/C X2/CERR COV_X0_X1 COV_X0_X2/C COV_X1_X2/C CHISQ/NDOF MODEL mB mBERR COV_mB_X1 COV_mB_X2/C
03D1au SNLS 0.5043 0.0 52909.62982424863 0.21627310997791938 1.1271497095923551e-05 2.5463254991814605e-07 1.1902715724739108 0.14874388376411235 0.014421885952502406 0.03479899959910871 -8.005399946444633e-09 -5.151761214249643e-09 1.0804090832972596e-05 0.7003182019850479 SALT2_ORI 23.005045991313832 0.0245276892681806 0.0007711267173698858 0.0004962476254021721
03D1ax SNLS 0.496 0.0 52915.90984664211 0.11173475373288966 1.1683609491042217e-05 2.66811691457691e-07 -0.7186501469461729 0.1002409546581309 -0.08737853119448723 0.03031651066128374 -5.66406816808821e-09 -5.1208571659750215e-09 -4.254045667892007e-05 1.6005742203730935 SALT2_ORI 22.966057417914428 0.024794316644224768 0.0005263513712116419 0.000475871778216907
03D1co SNLS 0.679 0.0 52954.51784976512 0.47680284196758294 4.187496433293573e-06 1.7325135100975768e-07 0.7197134771678785 0.4203037252224526 -0.027874718818647542 0.06675163271365521 -5.1559266530111207e-08 -3.425129645972518e-09 0.00664282406636685 1.0834728948797767 SALT2_ORI 24.08011387466481 0.04492069839605887 0.013368312846176273 0.0008880693564430899
03D1ew SNLS 0.868 0.0 52991.578260267255 0.7133359893814486 3.289146913863632e-06 1.5420374765159865e-07 0.5229142130462392 0.3611458250007008 -0.06411876597705794 0.06812897558284618 -1.0439927153493576e-08 4.885100597056189e-09 0.0033334793984905117 0.8996017565193151 SALT2_ORI 24.342291819443766 0.05090213241282675 0.0034461844309260936 -0.0016125550852573928
03D1fq SNLS 0.8 0.0 52999.3738029823 0.6485574379985337 2.853392061480387e-06 1.2023431179313844e-07 -1.0724381701296317 0.408045019314137 -0.0548631918827339 0.06514497823838827 -1.6818987881673533e-08 3.028321972229258e-09 0.0033820056961387274 0.7413118915393421 SALT2_ORI 24.496596378393896 0.04575002052128092 0.006399745873354359 -0.0011522982941250637
03D3ay SNLS 0.3709 0.0 52767.56623187638 0.13969066924255458 2.2218379370130325e-05 8.012806233547486e-07 0.5416195468777616 0.19671944329818378 -0.055341564599453684 0.0330342487078208 -1.0204725157030638e-07 -1.8765312661039715e-08 0.001081286233223923 1.4546118257726393 SALT2_ORI 22.268219055238333 0.03915584338779386 0.0049867001449661824 0.0009169966454478372
03D3bl SNLS 0.3553 0.0 52787.10317416304 0.28846309778964496 1.2175299494874472e-05 3.21958264157903e-07 -0.04173844798509533 0.1923718874446907 0.2066482817008672 0.029981634133316178 -4.73762954507938e-09 -7.779782298783043e-09 -0.0005685752927200021 3.4413675296407007 SALT2_ORI 22.92130086740415 0.028710730603750206 0.00042247962146556647 0.0006937645608209545
03D4ag SNLS 0.285 0.0 52830.98047613773 0.09754674312716816 5.6360584735533243e-05 1.5373923326064834e-06 1.0118722027770175 0.11070743399796576 -0.08723428904961142 0.02381072271395197 -5.9542545950087796e-08 -2.761505915662078e-08 -0.00027520222227814093 0.8765472416978315 SALT2_ORI 21.25756127444174 0.029616486845567475 0.0011470338387161378 0.0005319793906250537
03D4au SNLS 0.468 0.0 52816.16058681539 0.5169779304378608 5.41228087932496e-06 1.6907130550220055e-07 0.4725417847847483 0.3391037612268506 0.14045310365047117 0.04424110992105729 -1.7185247099545285e-08 -4.57673481242528e-09 0.0010589018723128815 0.7522109834939904 SALT2_ORI 23.801549182636347 0.03391672414317799 0.003447464272404526 0.0009181206216420168
03D4cx SNLS 0.949 0.0 52882.817887005105 1.0197421748562192 3.2376043200825253e-06 1.8792335300537108e-07 -1.5958452547712105 0.5324052398579969 0.06514410420007156 0.06728061157906848 -4.0401143059757746e-08 6.273544706910093e-09 -0.0007928643265462305 1.46237011722923 SALT2_ORI 24.359440572793115 0.0630204212453834 0.013548593156211727 -0.0021038440609343506
03D4cz SNLS 0.695 0.0 52894.77261742324 0.46559990447349264 4.3444570743798956e-06 1.947266500327527e-07 -1.5194107017270293 0.42521295470175263 -0.06575077901632848 0.08436026310816447 -5.267737162597841e-08 -2.7113552484795955e-09 0.007766275528154663 0.7861472200762577 SALT2_ORI 24.040161223719277 0.04866471698353761 0.013164758810279396 0.0006776028642555884
03D4di SNLS 0.899 0.0 52901.11650094526 0.5477090918138856 3.3912972421716554e-06 1.7530635735477728e-07 1.4685606255928445 0.4222597850628633 -0.08176564044371896 0.0645483696617932 -2.903034493680036e-08 4.897967854522052e-09 0.004708000135531837 0.6139579618001076 SALT2_ORI 24.309085358216628 0.056124970921883635 0.009294171015902243 -0.001568102307066046
03D4fd SNLS 0.791 0.0 52938.5555223766 0.708550285507954 3.706457730671116e-06 1.388458800571781e-07 0.8206447162879301 0.47301799065366584 -0.037337573272485054 0.0663541170195973 -1.5903693300061203e-08 2.8569446726472127e-09 0.0044869190878107975 0.7697139833514242 SALT2_ORI 24.212602370779898 0.04067225631959041 0.004658684075190904 -0.0008368875329173909
03D4gg SNLS 0.592 0.0 52942.99925307411 0.566873226165626 7.585782654478873e-06 2.3814049187511015e-07 0.9261196329007667 0.4294937933338537 0.021084274973756176 0.040105022436121934 -4.4113048665118515e-08 -1.0792781249102683e-09 0.0003047467232522675 1.8692136091269966 SALT2_ORI 23.43499901181861 0.03408451910958141 0.006313802572460699 0.00015447467830187212
04D1dc SNLS 0.211 0.0 53230.6444793755 0.15886692114145262 6.838032848889247e-05 1.7755348201727226e-06 -1.2072366149524911 0.060147097174151724 -0.013715741780294092 0.0248988225513299 5.6843489947236525e-09 -3.744364882318927e-08 -0.00017559760323549798 1.045900056457866 SALT2_ORI 21.04767204312135 0.028191769177935158 -9.025554045202436e-05 0.0005945266140713179
04D1ff SNLS 0.86 0.0 53251.39150676872 0.3398124603772885 3.644159778799753e-06 1.349052246506942e-07 0.8971857099807597 0.2811574628266657 0.062027888954074975 0.05697637881948569 -1.7295621204439657e-08 1.8361353087335007e-09 0.0010502202497403824 0.7962132854938884 SALT2_ORI 24.231006473917052 0.040193486428997824 0.005153034791363472 -0.0005470557556571543
04D1hx SNLS 0.56 0.0 53260.09908013131 0.2708553757875052 5.900108649897318e-06 1.4387494263058155e-07 0.32995313206634186 0.19030737629296499 0.1245536894764653 0.034495696846295304 -7.780195499203515e-09 -2.9744913841788723e-09 0.00011117459245997639 1.3003848383897858 SALT2_ORI 23.707849976989387 0.02647582331797226 0.0014317092166986646 0.0005473650026089484
04D1iv SNLS 0.998 0.0 53263.89824162055 0.49938037896936294 2.6309301577307723e-06 2.1036725667244333e-07 1.0195281083392398 0.3462364335014698 -0.1402011859954797 0.06244057216274012 -2.0961930913326593e-08 9.32026826820978e-09 0.0005175737165742333 0.6849370848819604 SALT2_ORI 24.58472670201563 0.08681467510407809 0.008650601099144156 -0.003846302292411231
04D1jg SNLS 0.5842 0.0 53273.555798261936 0.21421640949483844 8.795360730085835e-06 2.1368145317294917e-07 0.2595042014510225 0.15813724861576076 -0.09967072276675511 0.033496035312495495 -1.2953380773399954e-08 -3.062939661537829e-09 0.0004724685627802146 0.7919377154179961 SALT2_ORI 23.274365859568878 0.02637773448013379 0.0015990196322011388 0.00037810211378206635
04D1ks SNLS 0.798 0.0 53291.20551052863 0.4007738435502688 4.004813296625174e-06 1.331183496541823e-07 0.8281624096679953 0.26812021655657414 0.12624640973279058 0.061467367509970054 -1.426138536285109e-08 1.2442737071668051e-09 0.00046122094030536355 0.7492612252072005 SALT2_ORI 24.128544314514574 0.03608942565662002 0.0038663731044599305 -0.0003373323329799302
04D1ow SNLS 0.915 0.0 53311.75950639919 0.34289119980530813 3.3340697704894514e-06 1.3649004986446845e-07 0.06051777546250694 0.2839623784215598 -0.16680714968342952 0.05073850306227675 -1.7513715340174343e-08 2.1845618676371545e-09 0.0009644464954014738 0.7646035048184233 SALT2_ORI 24.32756329034808 0.04444783670659081 0.005703322405836644 -0.0007114002029056218
04D1pd SNLS 0.95 0.0 53318.1556496982 0.7199692772665003 2.4364011715645265e-06 1.3295231331253478e-07 0.3997120591391232 0.4469149419215196 0.02203389236543093 0.05820331190645937 -2.9824991004935646e-08 3.0981749405127522e-09 0.0007681432650611936 0.928244677524908 SALT2_ORI 24.668128000840795 0.059247689483366436 0.013290944413661625 -0.00138064319655084
04D1pp SNLS 0.735 0.0 53320.344785353 0.35331395066168625 4.558904058291038e-06 1.2561252764695496e-07 -1.0750003793616647 0.24457225605126479 -0.10779918668301569 0.05135086759273872 -9.599329627707036e-09 -9.93327310685956e-10 0.0007555961189197187 1.3297251352116302 SALT2_ORI 23.987848868471417 0.029915538316593798 0.0022861502643939935 0.0002365681336121505
04D1qd SNLS 0.767 0.0 53329.59287199323 0.3728295987966703 3.6279330813671177e-06 1.1083291568829182e-07 0.2420972876068601 0.2737351140528237 0.024368586487137037 0.052191695251090665 -1.3401673168497225e-08 -1.0220200812790347e-09 0.0023647147122993956 0.8644582709929935 SALT2_ORI 24.235851830670583 0.03316910939171393 0.004010735985761316 0.00030586126572553705
04D1rx SNLS 0.985 0.0 53352.50253118056 0.9142922448372701 2.3176688713321285e-06 1.3176681316065748e-07 0.848588603091098 0.48944362617689885 -0.09460755627491677 0.05964033338071853 -1.6764383371135195e-08 3.81015976483888e-09 0.007234500016770961 0.958001635358166 SALT2_ORI 24.722371530536048 0.06172754072150816 0.007853450594961316 -0.0017849091618599361
04D1si SNLS 0.702 0.0 53359.928892235184 0.36899699631976546 5.161206848570851e-06 1.5269804043829595e-07 0.13766770021515107 0.2971308432865012 -0.016084448978122685 0.05342004394393876 -2.0306092044447898e-08 -1.859673440311013e-09 0.0018929067706525502 1.019943457826336 SALT2_ORI 23.85312183779657 0.03212229150346617 0.0042716868276482635 0.0003912098163110572
04D2al SNLS 0.836 0.0 53035.75504772836 1.5936410148897266 3.4098785870361803e-06 2.1443329563893724e-07 -0.3198344139303676 1.3542103735832893 -0.04924432225233783 0.08206308518439281 7.768202648321529e-08 9.528078249069002e-09 0.05691873156735258 0.664490450295662 SALT2_ORI 24.303152710817105 0.06827750215680257 -0.024734660328512095 -0.0030338263526779635
04D2cf SNLS 0.369 0.0 53075.7051595444 0.949085207645112 1.8905645680712177e-05 8.924333214039894e-07 -0.956886951899778 0.21496554099308476 -0.026305555899437286 0.03617036020727139 9.078696734522435e-08 -2.6897062282815883e-08 -0.00267352629367667 0.9583846559180176 SALT2_ORI 22.44352121419029 0.05125173631966423 -0.0052138233748592585 0.0015446769084369865
04D2fs SNLS 0.357 0.0 53107.63443588482 0.12778710297789075 1.9455678357842405e-05 4.727318386829242e-07 0.033651998179790914 0.10160508185855487 0.05435671286333001 0.02559536365077815 -6.223222708818132e-09 -9.46219930582582e-09 -0.00031206507665522783 1.2662065620426086 SALT2_ORI 22.41238405531024 0.026381093630335396 0.0003472908053351535 0.0005280439044075376
04D2gc SNLS 0.521 0.0 53118.09221852535 0.25170728230659734 8.39476294990145e-06 2.067703705597723e-07 1.1058284289548526 0.1982028192867352 0.034271263265333085 0.03613042011419132 -1.3239978269875863e-08 -3.350022575193725e-09 -0.0003165109410487784 1.1692082797948176 SALT2_ORI 23.324978907243437 0.02674263451246527 0.001712391861879064 0.0004332749856489503
04D2iu SNLS 0.7 0.0 53120.79985266744 0.5248802253736358 3.684372033631767e-06 1.561491243200106e-07 -1.8090180932522384 0.42321451460316334 0.02810133440184049 0.0842703272597383 -3.001392494128528e-08 2.124369008948137e-09 0.00309818374532148 0.7055977321483867 SALT2_ORI 24.219091307211574 0.04601510272793965 0.00884471075618401 -0.0006260237359926887
04D2kr SNLS 0.7441 0.0 53359.3516779334 0.4282990288520523 5.2022444618345335e-06 1.53215726748651e-07 0.8348035481855313 0.3112674333364249 -0.011760651519391749 0.050343139056187314 -2.384781238257637e-08 -1.035824139849627e-09 -0.00026803387248367427 0.8911736255614883 SALT2_ORI 23.844523108661 0.031976940508996424 0.00497716581717723 0.00021618203040012365
04D2mh SNLS 0.59 0.0 53376.5656621519 0.2631376602766977 7.929523248329198e-06 1.9816064956162553e-07 1.6863349314467222 0.18361718727676843 0.024649771440432313 0.032499593866048976 -1.2899009257389782e-08 -3.6846699952615648e-09 0.00014651512078821965 1.2259470520736597 SALT2_ORI 23.386882308138546 0.02713280292516685 0.0017661744492910453 0.0005045170423435475
04D3co SNLS 0.62 0.0 53101.49901805198 0.261730901824194 5.504694567665632e-06 1.6776599213408798e-07 -0.6343807554525523 0.19356728143575236 -0.01327106132111741 0.04536959542483052 -1.6335797174476726e-08 -2.296733757615747e-09 0.0007311081179446016 0.5684800724462624 SALT2_ORI 23.78316693299187 0.033089867084921815 0.0032220436952301924 0.0004530036976040755
04D3dd SNLS 1.002 0.0 53115.45154028875 1.8100191153098422 1.7868294310808613e-06 1.7302727296184724e-07 1.808181300911849 1.0027118701681235 0.04500917799526473 0.08071585415005063 -9.559244176395352e-08 5.2115845943663166e-09 0.025394668437607692 1.610051027588812 SALT2_ORI 25.00479225706258 0.10513704968000577 0.058085104889712656 -0.0031667298399268165
04D3do SNLS 0.61 0.0 53112.85267795244 0.268288881474291 6.822290017946968e-06 1.6574153028160303e-07 -0.9148060053758768 0.14973252772061746 -0.13382899673159965 0.0342365837317496 -6.191436507529073e-09 -1.7879075580122777e-09 -1.0621526135979574e-05 1.0667440329376712 SALT2_ORI 23.550174556312747 0.026377005314251523 0.0009853387583936921 0.00028453729779708047
04D3fk SNLS 0.3578 0.0 53126.906206592575 0.08367539087703335 1.777405063286541e-05 4.207015036376053e-07 -0.3887249236893352 0.0794678186468224 0.07598986289114068 0.023312765579948738 -5.499182609776813e-09 -7.890882216316427e-09 -1.4012439607976663e-05 1.2466501265055017 SALT2_ORI 22.510533967482676 0.025698748323071174 0.0003359201444475932 0.0004820182347120745
04D3gt SNLS 0.451 0.0 53137.8266846174 0.1501282333265408 8.970398090516425e-06 2.206079305811199e-07 -0.22390962866243877 0.11212738871349207 0.20632091760589324 0.0283271599372183 -4.658858211248291e-09 -4.448618695543546e-09 -0.00017900673034524855 1.8687418352595282 SALT2_ORI 23.25297070825424 0.026701381016960058 0.0005638870183626111 0.000538440583146678
04D3hn SNLS 0.552 0.0 53137.12932774119 0.17789757560603903 7.2183640861443325e-06 1.817037488151019e-07 -0.6117419519751963 0.122270090856177 0.09306648384979486 0.03593221844000816 -7.287318723580448e-09 -3.880095479384065e-09 0.00043877184547010144 1.843862086322525 SALT2_ORI 23.488903041000356 0.027330616227507445 0.0010961078825312233 0.000583617020367819
04D3ks SNLS 0.75 0.0 53163.17379773587 0.35917740104923723 5.435087843601695e-06 2.030919054901658e-07 0.6352766789945408 0.3045498578665591 -0.0038282878948401717 0.06317014856424037 -3.388355086749024e-08 1.639828800203577e-09 0.0003962014578748676 1.4451422967234961 SALT2_ORI 23.796983580791874 0.04057050061179265 0.006768721864524458 -0.00032757915772825276
04D3lu SNLS 0.822 0.0 53169.10205428848 0.40657868605921976 3.2750881879866937e-06 1.1691858491454334e-07 -0.4104276876876098 0.23931419276911547 -0.09383932529394269 0.05790629049477431 -7.597130750838207e-09 1.9652021338473063e-09 0.0016081163612200213 1.2093869902030987 SALT2_ORI 24.346942503271837 0.038760098465880806 0.0025185520007438246 -0.0006514911916608889
04D3ml SNLS 0.95 0.0 53180.17605114448 0.6151745380520879 2.695892986795228e-06 1.399543547742498e-07 1.1830464993321266 0.4697846646378211 -0.12776574309030028 0.0529560547226872 -2.778324614698953e-08 3.295825594794539e-09 0.0019758575257896576 0.6582103944027113 SALT2_ORI 24.558243377677407 0.05636481519713554 0.01118934482015647 -0.0013273513416015767
04D3nh SNLS 0.34 0.0 53174.31572447936 0.09753993739650468 2.54873118508372e-05 5.894735923252523e-07 0.49727545327208755 0.08742479518826615 -0.014110394930870173 0.02140340945778324 -7.552881732237659e-09 -1.0645257998049842e-08 0.00016801405073109908 0.9951784525724879 SALT2_ORI 22.119189917987406 0.025111036608411 0.0003217458629979983 0.00045347826734791995
04D3ny SNLS 0.81 0.0 53194.221429648656 0.6670021176287264 3.7076511462424383e-06 1.8066259709208842e-07 0.029136493552696985 0.5306521695645793 0.01233717536982943 0.06532256236210328 -4.7906942669636536e-08 2.7890800331891245e-09 0.005857604949748937 1.464612582084041 SALT2_ORI 24.212252838684854 0.05290463281781611 0.014028909426500648 -0.0008167449014372368
04D4an SNLS 0.613 0.0 53183.71508194 0.49495855101849884 4.4387816279090935e-06 1.7570124568089814e-07 -0.17842646320410727 0.42075589699682314 0.019302090387754784 0.048298268126404184 -4.7954240567881544e-08 9.995344171916503e-12 0.000584180113148057 1.405754708397572 SALT2_ORI 24.016840550438886 0.042976929177458725 0.011729717638926919 -2.4448841948505445e-06
04D4bq SNLS 0.55 0.0 53193.79242269051 0.3067819957213942 8.218287973093002e-06 2.497980490519261e-07 0.8139951160937967 0.2638504467880768 0.10965896352405412 0.03888898170294324 -3.6698372879994574e-08 -5.161073632551681e-09 0.002221115415415586 1.2305272173105226 SALT2_ORI 23.348046612256425 0.03300137286763267 0.004848303225924579 0.0006818408550090001
04D4dw SNLS 1.031 0.0 53200.81680504956 0.7006858879067295 2.774640870741343e-06 1.9749014539553336e-07 1.1073654129134978 0.4345345476295703 -0.12859060978815962 0.060283701613900016 -2.791679099683298e-08 6.878584298466422e-09 0.004029408025972141 1.0088873997796095 SALT2_ORI 24.52698305202764 0.07727926276872983 0.010924033818412292 -0.0026916377139396663
04D4gg SNLS 0.424 0.0 53246.762884222146 0.12263646511200932 1.446701882426969e-05 3.8498286853824547e-07 1.2328216035089583 0.13898900406770825 0.0912987456323588 0.026792379890810816 -1.9874805866147475e-08 -8.311597850276573e-09 0.00046688331611796646 1.5634265231315694 SALT2_ORI 22.734052383598126 0.028892603490803376 0.0014915855542549825 0.0006237776293133888
04D4hu SNLS 0.703 0.0 53257.122371107645 0.381678379879304 4.855186356893793e-06 1.5460688838949936e-07 0.11104647386172534 0.23716725691625462 -0.12271851028449411 0.07197308998090819 -1.3879537271319516e-08 1.5823838257591835e-09 0.0007920407354643363 1.2770882763432159 SALT2_ORI 23.919485239715698 0.03457381115580333 0.0031037976738760025 -0.00035385900419887995
04D4ic SNLS 0.687 0.0 53257.36179336615 0.6884176940620819 4.12559537963791e-06 1.6629413219276844e-07 -1.2505750113530087 0.38433403753601675 0.050446341366000395 0.0913993540744717 -2.7347217499415658e-08 1.148498439701498e-09 0.003515135233867168 0.6923120745082771 SALT2_ORI 24.096283419947028 0.04376375852359267 0.0071969888964527155 -0.00030225124432866225
04D4ih SNLS 0.934 0.0 53269.50413261564 0.4633910572665627 3.2417941477216315e-06 2.3165822127690958e-07 0.5613789783100244 0.3785576057626171 -0.19373907202027332 0.06348105243183384 -3.7331371682521653e-08 1.0096245149067788e-08 -0.0032430561214741417 1.2678159347413667 SALT2_ORI 24.35803641522629 0.07758657906979739 0.012502959769201422 -0.003381417323540007
04D4im SNLS 0.751 0.0 53285.340798099416 0.3263774068982457 5.2346174283665314e-06 1.8714880384994735e-07 1.0736271200078265 0.24727192677901838 0.008725879246172701 0.07461984392182623 -1.678854758782131e-08 5.103635251014014e-09 -0.0008892988362575529 4.504471758220087 SALT2_ORI 23.83778763301475 0.03881739874932417 0.0034821902824501943 -0.0010585685857151359
04D4jr SNLS 0.47 0.0 53298.36368082751 0.15381130029345513 1.5736679770064385e-05 3.489798514792616e-07 1.544218236445702 0.12049241472778303 -0.05435925588238104 0.026900005920003897 -7.949471540631787e-09 -6.0174575659908915e-09 -0.00019582433692085126 1.0259863216672511 SALT2_ORI 22.642717231665053 0.024077509679197025 0.0005484656983855626 0.0004151683605089533
04D4jw SNLS 0.961 0.0 53286.76134848146 0.6859968249445956 2.3082448644902753e-06 1.933141601403887e-07 -0.2412375658326384 0.4743915747419941 -0.16303938665544865 0.06956033861032668 -3.0418058939926707e-08 8.000418148372816e-09 0.00661546089824258 1.0777120384858139 SALT2_ORI 24.7267953050211 0.09092977343336582 0.014307835523696995 -0.003763181181737645
05D1az SNLS 0.842 0.0 53603.32330795784 0.4142799149049097 3.635686739518771e-06 1.3819125636434143e-07 1.970740268367009 0.38191347246526985 -0.010831989473931781 0.05829229968695311 -2.9730184201235578e-08 4.373861724390241e-10 0.0051705716668100955 0.7548333536306637 SALT2_ORI 24.2335338595268 0.04126847579713025 0.008878415461526307 -0.0001306179648856348
05D1cc SNLS 0.564 0.0 53607.85925044148 0.23020143309986452 7.073399342632844e-06 1.8734214284140452e-07 -0.09380070845654533 0.1548711956571574 -0.0008901160014748478 0.030935941147258013 -1.3663559243847884e-08 -3.935315374701727e-09 0.0012207581544692707 1.416692341551759 SALT2_ORI 23.510929555696606 0.028756208621493064 0.0020972972453979113 0.0006040538887296289
05D1cl SNLS 0.83 0.0 53627.279093451085 0.5076898543811694 3.2767991418131972e-06 1.2276118319147878e-07 2.3722190241478183 0.3489454127237347 -0.062223172489250515 0.0568285690149878 -2.174546140944804e-08 1.6871716486267075e-09 -3.539338180983851e-05 0.9188646394656327 SALT2_ORI 24.346375446952695 0.04067574952310946 0.007205151649406292 -0.000559028266084643
05D1dx SNLS 0.58 0.0 53666.38859377335 0.16771536147643928 8.708053157699337e-06 1.9297755884435657e-07 0.5461397592456058 0.12077467485973399 -0.03366524402742639 0.029670987925406574 -5.907524400070627e-09 -3.4101286495961176e-09 1.5062465922868074e-05 0.7743173120993022 SALT2_ORI 23.285197321256668 0.024060799647037997 0.000736561089544762 0.0004251811594048253
05D1em SNLS 0.866 0.0 53667.78385251828 0.3755786864167021 3.457098786272171e-06 1.3544362699037493e-07 0.45059818233714355 0.2812479339825787 -0.13360578461597397 0.05814278396995322 -1.3826194171996738e-08 2.8554328999275514e-09 0.0009678525753497232 1.1359392984518428 SALT2_ORI 24.288220525890928 0.04253741608748694 0.004342253581576096 -0.0008967770582719944
05D1er SNLS 0.86 0.0 53667.3116760214 0.5937406289958744 2.557431992547623e-06 1.1770972010716043e-07 0.6606689687012613 0.45028322326426734 0.0909465608867866 0.07021121408508704 -2.3502835349960704e-08 2.5502909194513996e-09 0.0041739202053113 0.8614442060742334 SALT2_ORI 24.615489765646537 0.049972669906650585 0.009977930724367584 -0.0010827045223423361
05D1hm SNLS 0.587 0.0 53696.11169611786 0.41239143302300363 4.101427202088115e-06 1.3069803151032907e-07 1.1540330070178506 0.29475431390183926 0.16098785824731948 0.0406160110039864 -2.083594072744978e-08 -2.8051787811250173e-09 0.002458358629397747 0.5696889231657378 SALT2_ORI 24.102662481288256 0.03459858671370232 0.0055157227212198736 0.0007425913013733601
05D1ix SNLS 0.49 0.0 53719.424787896794 0.13286537009844324 1.2708709177711965e-05 3.0659593117989605e-07 0.5496618721914351 0.13676829609199032 -0.05907111390557838 0.0262534628854894 -1.6079359765447534e-08 -5.7640569049296154e-09 0.00028532897226412604 1.8607933873314786 SALT2_ORI 22.874746396129876 0.026193242606994342 0.0013736991540647283 0.0004924375229975077
05D1ke SNLS 0.69 0.0 53731.287665830736 0.34683415308609256 6.522984012604586e-06 1.5764921554090957e-07 0.19070660393703284 0.25529844128929047 -0.10973269844069838 0.0484430514468785 -9.850669264583583e-09 -3.0271957306225285e-09 0.0015813593991226196 1.540661085227581 SALT2_ORI 23.598884214756986 0.02624036187023218 0.0016396220258994621 0.0005038700075418005
05D2ab SNLS 0.323 0.0 53381.25576812276 0.10235399958764901 2.883330244079932e-05 7.01515224685126e-07 -0.1806572700185502 0.08592089060360744 -0.03873073432538346 0.02239980083031055 -1.2881790165320445e-08 -1.3429182624945364e-08 0.0002715934942414613 1.3560794152356102 SALT2_ORI 21.985264031414367 0.026415998624976116 0.0004850719404515736 0.0005056843490664607
05D2ah SNLS 0.184 0.0 53382.63434551789 0.062752272511716 9.01436803694373e-05 2.337816649871694e-06 -0.1314830585927031 0.04697895168941766 -0.0013134446352613053 0.024125068563455872 2.622899354774472e-09 -4.866142202471282e-08 -0.00013829102125583254 0.83097627744722 SALT2_ORI 20.747661786521583 0.028157849407185267 -3.159153009112001e-05 0.0005861028465968674
05D2bt SNLS 0.68 0.0 53401.48951370985 0.2546236334455898 7.177330093053013e-06 2.1786764767349188e-07 0.5180048910868826 0.2585916301103172 -0.14862319336226798 0.04720150847272633 -3.3773216275062756e-08 -4.562381576826546e-09 0.0021389080311851644 1.7476191456545487 SALT2_ORI 23.49509269910682 0.03295749113637029 0.005108975508379379 0.0006901651162284752
05D2bw SNLS 0.92 0.0 53400.37947285652 0.485818045475753 3.1403613501001585e-06 2.096166299415159e-07 0.12359664923624811 0.5862784829856579 -0.13147204356625763 0.06274806846007684 -7.654855569665648e-08 4.46855412192894e-09 0.0052750145057243545 0.32558179087781763 SALT2_ORI 24.392550940863643 0.07247203072335358 0.026465597132366108 -0.0015449403594731811
05D2cb SNLS 0.427 0.0 53423.04619214337 0.19808187799571897 7.841948958961194e-06 2.2878562902039123e-07 0.9106252287340358 0.19196360128819606 0.1674429971980142 0.028915833695829177 -1.8952251856422497e-08 -4.547443182245458e-09 0.0004224329604869467 1.1295885480775985 SALT2_ORI 23.39893997181793 0.03167590631560373 0.002623983669097763 0.0006296041619095735
05D2ck SNLS 0.698 0.0 53416.93962162111 0.5946771726230509 2.9738885934950387e-06 1.0838594228467978e-07 -2.2490635739122395 0.5143612578585559 0.010313408221009762 0.06816508831842386 -2.1377306580765075e-08 -5.514764132974157e-10 0.007075322935293225 0.9008222556695269 SALT2_ORI 24.451688262144945 0.03957059517384313 0.007804635239436915 0.00020133837874655432
05D2dt SNLS 0.574 0.0 53450.66079431727 0.2514428615650104 6.222863018070064e-06 1.852138465695304e-07 0.15463095949209427 0.26982695659849193 0.0437219125186552 0.03604293622923647 -3.0260478754804103e-08 -3.415402557340819e-09 0.0018966453889113029 1.1153795946971976 SALT2_ORI 23.650024397245982 0.03231525075501707 0.005279707630073226 0.0005959035575040646
05D2dy SNLS 0.51 0.0 53440.79036884801 0.6880329174782673 1.241719788508095e-05 2.949389777053579e-07 1.659642380690319 0.28856822452194614 -0.11761786193160476 0.028858193729590722 8.626836343311214e-09 -5.383302919718219e-09 -0.00019676792676294127 2.4233578948866406 SALT2_ORI 22.899940994365345 0.0257889041676467 -0.0007543141888485058 0.0004707057852513328
05D2ec SNLS 0.64 0.0 53440.34505175118 0.42760894060484134 6.113095739131212e-06 1.8347504916772013e-07 -0.20368967157536735 0.21327094063377922 -0.10980965835249 0.05211737123216243 -1.1986256315623717e-08 -4.238978097983578e-09 0.0008084659248233179 1.2944184212932588 SALT2_ORI 23.66934700633334 0.032586681454375946 0.0021288579464049068 0.0007528774598926232
05D2hc SNLS 0.35 0.0 53471.65082739324 0.1435071036867157 1.5368999843820265e-05 3.724512425373422e-07 -0.6753160315084673 0.16842872029336853 0.016357955126595995 0.027623691504267894 -9.367016805524093e-09 -7.938360889305007e-09 -5.25867430588892e-05 0.48313792188433546 SALT2_ORI 22.66838598454324 0.026311653499856244 0.0006617287643752989 0.0005608019982783717
05D2ie SNLS 0.348 0.0 53480.89788012653 0.13196831446839496 2.3338479729707215e-05 5.975842438855536e-07 -0.144768913933279 0.14041887261146302 -0.07855951972017547 0.02605366498636246 -2.654079453448986e-08 -1.1388006736390373e-08 0.00016525048664145232 0.8297773766234672 SALT2_ORI 22.21481859335975 0.02780039044932671 0.0012347120233569659 0.0005297847741980411
05D2mp SNLS 0.3537 0.0 53711.608013938094 0.13221868221808109 2.006505934272944e-05 5.875947105492312e-07 1.2291347690633123 0.18104773604108723 0.013697281998269452 0.024955784887425198 -5.959217214859597e-08 -1.1644579102565098e-08 0.0011680736943103954 0.7917990478585784 SALT2_ORI 22.37889887873866 0.03179521376291583 0.0032245794899856206 0.0006300973700038429
05D2nn SNLS 0.87 0.0 53713.22658262369 0.680812089714891 2.95650350601186e-06 1.9556504614408695e-07 -0.3270248030326922 0.6355648356422448 -0.1900408925352324 0.056981341166686864 -8.942361180989873e-08 1.9375414792172083e-09 0.005475011203086243 1.216240289160929 SALT2_ORI 24.458054004125657 0.0718186366266997 0.032839620418110956 -0.0007115360857611326
05D2ob SNLS 0.924 0.0 53728.052467814196 1.089740689494647 2.146538583073115e-06 1.138368664248865e-07 1.1504859798246188 0.7266956613527407 0.04836502842810008 0.06650606235771532 -4.629356591481587e-08 5.777178555823865e-11 0.023645253099196024 0.7936735131478475 SALT2_ORI 24.8056532521622 0.05757958803459555 0.023415652044378118 -2.922142638792066e-05
05D3cf SNLS 0.419 0.0 53418.76344750093 0.21282126009100466 1.1975553124822127e-05 3.0107372587682706e-07 -0.26776436654849073 0.17343928193468824 0.011777046192333447 0.027330077850935195 -1.3641343235907258e-08 -5.9796524971329205e-09 8.589251961214363e-05 1.0245266192825229 SALT2_ORI 22.939261045825177 0.02729616253034249 0.0012367612650857759 0.0005421315525336956
05D3cq SNLS 0.89 0.0 53449.4776273307 1.4571942795701034 3.6422526283883785e-06 1.4492925195391908e-07 0.23751592801025295 0.6894286375344636 -0.19919039911844547 0.05151352423982928 -4.315452969581774e-08 2.209303603642562e-09 -0.0019102105099893694 0.7878056647185938 SALT2_ORI 24.2315748365573 0.04320264188937085 0.012864136585383225 -0.0006585816950425864
05D3dd SNLS 0.48 0.0 53455.273619751206 0.11009889005799778 1.1815655404211312e-05 2.7809681732121943e-07 -0.17244465716334326 0.12472311085791535 -0.01944248171500907 0.02413397244571693 -1.2617777864609775e-08 -4.669283940919748e-09 9.091370709894342e-05 0.868936784205883 SALT2_ORI 22.953855458558102 0.025554213682132176 0.0011594429409577888 0.000429058774272089
05D3gp SNLS 0.58 0.0 53454.77896742361 0.4117623321180872 6.8088037085185445e-06 3.238874859438263e-07 0.08636964587270303 0.4753064364344034 -0.012180814151896336 0.05657660622375285 -1.1506129296314433e-07 -4.591630432895216e-09 0.007790416344239367 0.6479908938291741 SALT2_ORI 23.552322964868445 0.05164730616588963 0.018347747546323227 0.0007321843327083192
05D3ha SNLS 0.805 0.0 53484.83666856746 0.36962563311317354 3.1287244095843733e-06 1.6352749767553224e-07 0.15302805203836117 0.4365118548593503 0.10800662411703885 0.06333468242157318 -5.476506284602506e-08 -1.5794210480380577e-09 0.008420993005275386 0.8427796181228726 SALT2_ORI 24.396581723860216 0.056747639439234616 0.01900468168613245 0.0005480938522929064
05D3hs SNLS 0.664 0.0 53490.8562761549 0.27416160132634104 7.133656707515453e-06 2.2477146669782734e-07 0.5657465298963411 0.2039379627487997 -0.16734995349125512 0.04676176058757409 -2.4431416856484656e-08 -4.836815461892377e-09 0.0012030558222872192 0.9659738098845025 SALT2_ORI 23.501719485047772 0.0342100172739338 0.003718439911283884 0.0007361590104522272
05D3jb SNLS 0.745 0.0 53515.36479784604 0.2577411690399458 4.887687036345633e-06 1.3699269389982347e-07 1.0215647857398409 0.23892049446133123 -0.05088240840785364 0.04935429216560826 -1.538917409771558e-08 -1.31831692602995e-09 0.0002396055826136108 1.3788983141394204 SALT2_ORI 23.91224152549985 0.03043114799461323 0.003418505185575118 0.000292846985760842
05D3jk SNLS 0.736 0.0 53507.795608296365 0.23297223804183886 6.061308571267007e-06 1.4925533693068316e-07 0.79130115616157 0.1790860882249766 -0.11798892471230964 0.04531189749636135 -8.095900994934422e-09 -1.961357930939067e-09 -0.00013094885607909805 1.2016415980731014 SALT2_ORI 23.678584015520535 0.026735468282741096 0.0014501840183497323 0.00035132963304405787
05D3jr SNLS 0.37 0.0 53494.62195184109 0.2694037799228681 1.5900866283110045e-05 3.826836420718274e-07 -0.8619498251683645 0.11987195079950994 0.05155100442958392 0.022933810411227523 3.844011945801837e-09 -7.111375086600679e-09 -0.00019294232046123555 1.5886880625837168 SALT2_ORI 22.631448036411776 0.026130242074132965 -0.00026247519265745875 0.00048557589628551816
05D3kp SNLS 0.85 0.0 53530.00733464726 0.329850264799461 4.035645539056444e-06 1.2203293600150695e-07 1.290916959094931 0.23089547090914897 -0.14148909750001168 0.048275414612434994 -8.718156508963396e-09 1.0183294852044497e-09 0.0002674876166953456 0.6006588245330161 SALT2_ORI 24.120217464854 0.032831321657834714 0.0023455028616666904 -0.0002739678645606926
05D3kx SNLS 0.219 0.0 53534.10267390442 0.06549274422286544 8.344126676950147e-05 2.08003702654915e-06 0.6240029696570359 0.059790337650359286 -0.044460503565909915 0.023891485809641788 -2.9728866633586098e-09 -4.1539119335535526e-08 -0.00020246338997830603 1.015027851858938 SALT2_ORI 20.831547778147595 0.0270654029402549 3.868314573851622e-05 0.000540506244960845
05D3lb SNLS 0.647 0.0 53528.56236881289 0.2601817252507317 4.948005392451179e-06 1.2949155675872421e-07 0.28042219077061187 0.18338438418230746 0.03905306816045543 0.047496814459387755 -7.1954981755949104e-09 -3.1545942529089143e-09 0.0002659276994844835 0.577461270842818 SALT2_ORI 23.898924589346116 0.02841421143112191 0.0015789014483357897 0.0006922096723925359
05D3lr SNLS 0.6 0.0 53540.78765201629 0.30944323742369306 5.114264734200172e-06 1.8064358308963714e-07 0.25102659406444106 0.34669457688078154 0.12475569431377588 0.0397783841475636 -4.172873860329661e-08 -2.8266248382351903e-09 0.0021349009673934443 0.6411638295858217 SALT2_ORI 23.86304198739792 0.03834984861187984 0.00885883008314251 0.0006000801842770657
05D3mn SNLS 0.76 0.0 53559.27947445847 0.3337110170359665 4.425936137028444e-06 1.1527493309875993e-07 0.0203259647887289 0.2988003512122555 -0.02646231001038084 0.05060320079896293 -9.487048169571736e-09 -4.891435800657824e-10 0.0015417516087942154 1.066029114335125 SALT2_ORI 24.019987142275994 0.028278349368688723 0.0023272888164409997 0.00011999289591173191
05D3mx SNLS 0.47 0.0 53569.94468405626 0.14887598330460605 1.0991128215577131e-05 2.865716614588511e-07 -1.6469921306583122 0.15316034504863665 -0.060541550016129195 0.03227646054343263 -1.2511125395113471e-08 -5.533465993552228e-09 0.00023048382525423118 0.9208378785175586 SALT2_ORI 23.032394314744025 0.02830839764589416 0.0012358860289239458 0.0005466121629336395
05D4af SNLS 0.499 0.0 53536.7072908918 0.33316004084190354 1.0227583319947116e-05 2.5552350744774693e-07 0.20947835448729799 0.237408177153664 -0.01358367451054069 0.03124340853105384 -2.0874622045734047e-08 -4.710639484696608e-09 -0.0004980929873057264 1.3732456006935014 SALT2_ORI 23.110567434488203 0.02712577492883597 0.0022160008094476084 0.0005000704150826446
05D4av SNLS 0.509 0.0 53553.53961227534 0.26367988960191724 6.723018419859384e-06 1.7102878920910217e-07 0.9248022051829409 0.17823006390452778 0.17411301190136164 0.02960025117632259 -8.49521727147317e-09 -3.5555897287209595e-09 0.0002067031557448136 0.9547158947234123 SALT2_ORI 23.566089247137498 0.027620353969542242 0.0013719380764567219 0.0005742112034581076
05D4bf SNLS 0.589 0.0 53550.98174445629 0.371144194577937 6.4046884119368306e-06 1.8342736612710565e-07 0.06271644440061179 0.24246229939846425 0.003099484913854411 0.04760369123962472 -2.0611089131054433e-08 -3.2222624906550134e-09 0.00305744309617655 0.9523694021487389 SALT2_ORI 23.61875498457501 0.031094991596538554 0.003494035033363196 0.000546244691750784
05D4bj SNLS 0.701 0.0 53564.02758854129 0.3501498223595263 4.0942852086041094e-06 1.2760063340133834e-07 0.19970808375463583 0.29629767639794174 0.05943944378131508 0.054321495474388595 -1.984332860522907e-08 -2.0197102909546236e-09 0.0017002715878866941 1.143745191982219 SALT2_ORI 24.104554768980655 0.03383756147294293 0.005262120050731683 0.0005355935100475427
05D4cn SNLS 0.763 0.0 53583.6072977274 0.39687082743330393 4.259087948208352e-06 1.2185543421114698e-07 1.1227776001773797 0.24495113175808442 0.04100861823584124 0.05605665839464818 -1.034572699629552e-08 -3.8697328384611863e-10 0.0004445423163809279 1.7682652298251627 SALT2_ORI 24.061708479630596 0.031063659233714538 0.0026373558144407038 9.864809312581065e-05
05D4cs SNLS 0.79 0.0 53588.503599278796 0.32886093274282757 4.665348688673894e-06 1.2954009614680856e-07 1.5717942600865529 0.21830527215294446 -0.0874946442247144 0.048954230549625936 -9.337784635479e-09 4.6634494256327634e-11 0.00013474464113175615 0.9120336062504074 SALT2_ORI 23.962789728717738 0.03014702260002291 0.0021731217809264187 -1.0852942016445958e-05
05D4dt SNLS 0.407 0.0 53609.61785069287 0.17194211694368278 1.3447517700089913e-05 3.1881680457462153e-07 -0.9362457900612251 0.1060018596695057 -0.036901032662891145 0.024388133409718148 -5.185812235398505e-09 -5.963811953596089e-09 -6.897938798022848e-05 1.3247732816981708 SALT2_ORI 22.813394688530643 0.02574088059461334 0.00041869616539059833 0.00048151091530783337
05D4dy SNLS 0.81 0.0 53615.58438053486 0.8591444702797162 2.618235815201335e-06 1.0469119439925968e-07 0.1896162146490525 0.4637948259661563 -0.09193727654126314 0.06614737174541939 -1.3110890932668003e-08 1.8061022395296862e-09 0.004049894009765423 0.6510370681188252 SALT2_ORI 24.58997810165514 0.04341359147969149 0.0054368551830149435 -0.000748958737622848
05D4ej SNLS 0.585 0.0 53627.7654981344 0.18825016646951553 5.865746862880424e-06 1.5501484046658825e-07 0.1813949900307747 0.17142265469864112 -0.00784609612562652 0.035303815642718915 -1.222675977896614e-08 -2.6767148598788678e-09 0.0003185182002625043 0.9163678446105209 SALT2_ORI 23.714191707474207 0.028692889158659116 0.002263145012770842 0.000495453742058936
05D4ev SNLS 0.722 0.0 53631.3360173927 0.3547151386483165 3.6428223560518938e-06 1.5590278168125636e-07 -0.9966845293902385 0.3097021948856523 -0.006688995746501877 0.08135213119887681 -2.752042804812076e-08 2.0534521581837e-09 0.0023469476353553368 0.7156336256774649 SALT2_ORI 24.231405017041723 0.04646652456511695 0.008202410708456781 -0.0006120274707260527
05D4fg SNLS 0.839 0.0 53641.81589673809 0.4160760814702371 3.852689941596152e-06 1.3909806218531432e-07 0.37238025422992593 0.27337628068409353 -0.14299397524871657 0.05669706838777805 -1.2625149708311994e-08 1.7890488158494447e-09 0.0029082287096921567 0.9058042809564266 SALT2_ORI 24.170589852287243 0.039199573393057685 0.003557925069653252 -0.0005041763289787758
05D4gw SNLS 0.808 0.0 53678.307827257326 0.7952038103030645 2.934307969806745e-06 1.4160625199180802e-07 0.44106032240466186 0.5108052008936087 0.046225731016301806 0.06897447522185328 -3.339262195517269e-08 2.5926878424705978e-09 0.00457257983313533 1.0525576896209103 SALT2_ORI 24.466235766987985 0.05239635245844178 0.012355750998733784 -0.0009593318380933157
06D2bk SNLS 0.499 0.0 53773.75230327199 0.32542683377687354 8.78161429368781e-06 2.2674086827552595e-07 0.463928723222174 0.2731398769794149 0.02007748812941238 0.03244982985038368 -2.8685888078720152e-08 -3.9902924653357965e-09 0.0009811782456614015 1.1232214596864487 SALT2_ORI 23.27606410476823 0.028033657770870937 0.0035466494212907096 0.0004933494972903517
06D2cc SNLS 0.532 0.0 53788.539426807656 0.5131787799364247 7.472638016159989e-06 3.044603209283159e-07 -0.4383379400100474 0.3751359402327346 0.0685043245173324 0.069479583465851 -7.094060334481786e-08 -1.1129594772139454e-08 0.00988555629247225 0.6180154042573575 SALT2_ORI 23.451315137492138 0.04423653235032795 0.010307307977756777 0.0016170733765327216
06D2ce SNLS 0.82 0.0 53799.68624446222 1.4342670992300555 3.951046453472745e-06 2.185551019866244e-07 2.018743569405031 1.0518216349319867 0.05423860133418585 0.0989717865658761 -3.715536577992766e-08 9.97487771258705e-09 0.04484658707383071 0.27982352773253266 SALT2_ORI 24.1432196604406 0.06005831360269538 0.010210187681504316 -0.002741067714117025
06D2fb SNLS 0.124 0.0 53853.748466883415 0.08144895327859558 0.00022574283840669443 6.010917641018481e-06 -0.3932094211721667 0.056679568735103006 -0.025200932574185736 0.024493040499259565 1.146186862630617e-08 -1.2834420598987693e-07 -9.870520573275661e-05 0.8737485880444696 SALT2_ORI 19.750965046498372 0.02891020132791755 -5.5127178472621226e-05 0.0006172862541184926
06D2gb SNLS 0.442 0.0 53872.55285978426 0.32443191187121556 1.1355733105545371e-05 3.890529098558433e-07 -1.6181026465870232 0.24607746181330226 0.0026740543275989665 0.039291358232626444 -5.853706523814287e-08 -1.079323501900059e-08 0.003138836873952941 0.2505539994432616 SALT2_ORI 22.99696205818665 0.03719784763087767 0.005596803875066765 0.001031955041358771
06D3cc SNLS 0.683 0.0 53760.49961511408 0.7448797594333882 4.311553868969955e-06 2.9477904853181756e-07 0.7086542525100518 0.6305627860531561 0.006157538013817261 0.08383443253192532 -1.5083223092742444e-07 3.1058684540167354e-09 0.0027717418685222774 0.4491013116398583 SALT2_ORI 24.048415458530748 0.07423130850771666 0.037982597211864914 -0.0007821203051668583
06D3do SNLS 0.726 0.0 53848.933136161104 1.561672273754084 5.0185635875748896e-06 1.5835703392832924e-07 0.9089456002919399 0.5354257850896413 -0.07435785338588 0.0511230534776629 2.5733947555471045e-08 -2.1481457878781625e-09 -0.0035328540819991095 0.6458574682759578 SALT2_ORI 23.88355142190694 0.03425959679773269 -0.0055673855805069925 0.0004647384882742993
06D3ed SNLS 0.404 0.0 53876.248058612786 0.13263786607421935 1.6271218506587628e-05 3.6078846941371084e-07 -0.33821311269385906 0.07994201530858014 -0.06378877119519662 0.02286725708176595 -2.6823024305292785e-09 -6.309045711958171e-09 -0.00011159030504517688 0.879093460508795 SALT2_ORI 22.606449806829353 0.02407447870871768 0.0001789830835199768 0.00042098625521952865
06D3em SNLS 0.69 0.0 53881.613029818465 0.6406197076939861 3.16123461665508e-06 1.1610038871967819e-07 -0.09264394930496872 0.3769055386022614 0.12235537193755541 0.08248576648798517 -1.6590417716821473e-08 1.010092648328614e-09 0.002035590781450232 0.780396455475882 SALT2_ORI 24.385358177565323 0.03987505222020687 0.005698032367579614 -0.0003469195714460496
06D3et SNLS 0.576 0.0 53894.150980264 0.19029352186771575 7.44260532510193e-06 1.842667758268574e-07 -1.358674015620006 0.15256477146441405 -0.06350569237993407 0.03436170822072585 -8.533784852646641e-09 -3.5329815456589284e-09 0.000429555731084937 0.9042427516020337 SALT2_ORI 23.455687526641988 0.026881058595771935 0.0012449187849428362 0.0005153955916386983
06D3gh SNLS 0.72 0.0 53922.85140088732 0.3812102014744596 4.91187840057392e-06 1.9153019012537675e-07 0.28779314657404953 0.34440081031559966 -0.07354476344214249 0.06634205306299426 -3.4640449530186375e-08 7.658138718427901e-10 0.003578669781854789 1.1417702007562345 SALT2_ORI 23.906880983033176 0.04233640264771861 0.007657027950778579 -0.00016927777500936662
06D4bo SNLS 0.552 0.0 53918.769055076256 0.2778446919473936 9.227422892574378e-06 2.1921925186640042e-07 0.7733462470064603 0.17706068452134396 -0.031248757877289528 0.02983483855912918 -1.3408107053809635e-08 -3.6243572357516163e-09 -1.479223620284441e-05 1.0400109732886498 SALT2_ORI 23.222298938066977 0.025794231098141208 0.0015776525509965554 0.000426456651618225
06D4ce SNLS 0.85 0.0 53926.742302819715 0.6537282772733306 3.743323249084121e-06 2.0393301848404798e-07 1.9354549958793918 0.5763884619514046 -0.1055796317512794 0.06381635283310948 -7.657198491960031e-08 2.6531779567133427e-09 0.00622539423227603 0.6453996743932582 SALT2_ORI 24.201856671038446 0.05914997096975634 0.022209403453934868 -0.0007695438447573778
06D4co SNLS 0.437 0.0 53940.339252382255 0.15899250654911157 1.7466939824325112e-05 3.8788636699692836e-07 -0.3381020292054107 0.09294998764768643 -0.03565197455936327 0.023201472145523542 -1.9785148565121708e-09 -7.030091229017332e-09 -0.00013205323690197357 1.3121994360265143 SALT2_ORI 22.529457939864244 0.024110821713266884 0.00012298348955067174 0.00043698693914700137
06D4dh SNLS 0.303 0.0 53956.880262495 0.06717887072591111 4.7476518568701723e-05 1.1777097015317903e-06 0.521963211713808 0.0638533147843134 -0.15634586947536783 0.021884025151277384 -2.0392942232411316e-08 -2.1861345539765853e-08 0.00013855353463070996 1.807825164350654 SALT2_ORI 21.443802837911797 0.02693293653783009 0.00046636434959378934 0.0004999451318846042
03D1aw SNLS 0.582 0.0 52902.855847350926 0.3779856495093554 6.668041360590427e-06 1.6750978538085874e-07 1.0068993861365434 0.28937464813442726 -0.0002393444631653295 0.04246293744786375 -2.037374878338981e-08 -2.640963667014991e-09 0.00245465108256938 1.2259210285863293 SALT2_ORI 23.57500428747433 0.027275091560493625 0.003317393442024861 0.000430019808466676
03D1bp SNLS 0.347 0.0 52920.198438795414 0.1038694597009453 1.990891015745225e-05 5.386162556543052e-07 -1.189578402624541 0.11356315730467574 -0.04818159232842965 0.026644683282574473 -2.2153940960478557e-08 -1.1466714218741793e-08 0.00036594183385559357 1.7670180756115161 SALT2_ORI 22.387381283075534 0.029373540018524862 0.00120816938690449 0.0006253394424125526
03D1fc SNLS 0.332 0.0 53002.77406161464 0.10587084356302512 3.2391122128373e-05 8.147748390655624e-07 0.657654883880794 0.11945354186992935 -0.018157970255620735 0.02392346284420852 -3.1703393689635424e-08 -1.6078580526301255e-08 0.0005862948061066975 0.46348687729499655 SALT2_ORI 21.858935016072202 0.027310895188918674 0.0010626838491768727 0.0005389469660649005
03D3aw SNLS 0.449 0.0 52767.37662029624 0.20215534762246534 1.5439557872725967e-05 5.413743156729266e-07 0.8311456924950092 0.23506678840682632 -0.07738502156115644 0.03924355121540544 -7.974591869881994e-08 -1.1364588827019447e-08 0.0004706915232032408 2.2566104401661593 SALT2_ORI 22.663412850704177 0.03807037090683701 0.005607869851374199 0.0007991773885884082
03D3ba SNLS 0.2912 0.0 52749.7106893294 0.8335889841364406 2.8983273117940322e-05 1.2352516136028956e-06 0.7995804117135331 0.17234081830359516 0.128477708760539 0.03511852228562268 8.061626734100067e-08 -3.576821879321053e-08 -0.0011186310017040053 3.208246521150638 SALT2_ORI 21.97963142666596 0.04627349690343986 -0.0030199487748816733 0.0013399056057426609
03D3cd SNLS 0.4607 0.0 52801.75011247561 0.21190661716173054 1.698370198639964e-05 6.794246529428569e-07 1.7195843651680085 0.5095787332771365 -0.040296433264110934 0.037632405057345684 -2.80133632280817e-07 -1.8308157815325772e-08 0.008810114501507302 0.39752129423445115 SALT2_ORI 22.559919098388363 0.04343434338968086 0.017908417551205542 0.0011704061810812883
03D4at SNLS 0.634 0.0 52816.58855205657 0.5815261854222626 5.753530972800967e-06 1.762034361898714e-07 0.399670874749823 0.3402682065107893 -0.04034344380061878 0.06712940950433778 -2.3373568714036326e-08 -4.288072907859735e-09 0.002511703923576812 0.44364221062417997 SALT2_ORI 23.735163861600334 0.03325096379571542 0.004410774862810328 0.0008091928290149211
03D4cj SNLS 0.27 0.0 52889.747754911885 0.09640000145373051 6.756822707348278e-05 1.764896771515225e-06 1.2429014339603675 0.08744955665454629 -0.08297049042785921 0.023336572933526645 -3.9493620648719453e-08 -3.371230793823765e-08 -6.309428955687922e-05 0.9436366082987939 SALT2_ORI 21.060643691007265 0.02835966556308883 0.0006346126819143094 0.0005417142769587966
03D4cy SNLS 0.927 0.0 52900.49751673903 0.892123521771282 2.39377978833412e-06 1.8333350771828384e-07 1.110906679874828 0.7100257811450051 -0.049548982618443566 0.07158498953176516 -7.282020346195783e-08 4.874401172082987e-09 0.008977454145815324 0.819061462511129 SALT2_ORI 24.68728951067007 0.0831537753995195 0.03302874045549646 -0.0022108607712528934
03D4dh SNLS 0.627 0.0 52906.275163662605 0.25969501174404286 7.992349179131929e-06 1.8918190283474742e-07 1.1589351736165756 0.18190330509184452 -0.052108161800169556 0.03615286330574056 -1.0577996830651836e-08 -2.171176872988485e-09 0.0002665612292779026 0.869430912064472 SALT2_ORI 23.378313876001265 0.025699783203795047 0.0014369885343401443 0.0002949477412838933
03D4dy SNLS 0.61 0.0 52904.2707095498 0.26658459414102254 9.022209487347492e-06 2.2587327121036376e-07 1.1916796879086267 0.1894299648449034 -0.09017282089981134 0.03634511310576017 -1.6772331155879734e-08 -3.3005380763995975e-09 0.0007860659287457807 1.1102781904873138 SALT2_ORI 23.24671773301408 0.027181677457629467 0.0020183888657949118 0.0003971880380027998
03D4gf SNLS 0.58 0.0 52936.6193059898 0.41697068717257935 8.37512611857267e-06 2.0417605200222263e-07 0.5241096020563426 0.31492015343247415 -0.029813612081310316 0.03804221674197087 -1.8923149890737483e-08 -2.9940324351016117e-09 0.002505187620911396 1.7927778676779775 SALT2_ORI 23.327521610820995 0.026469014157505216 0.0024531629319440034 0.00038814095059430226
04D1aj SNLS 0.721 0.0 52998.928066561966 0.5589383132864896 4.975848319931931e-06 1.5607029170505775e-07 0.3834217446264791 0.3545161366536443 -0.021580446893323512 0.06594042770632465 -2.3221083648253052e-08 6.671563176991025e-10 0.0018719377760878482 1.5123164224028591 SALT2_ORI 23.8928321670655 0.03405472902229899 0.005066868925572519 -0.00014557432658416353
04D1de SNLS 0.768 0.0 53246.144500968905 0.24940373524805182 4.018201679377242e-06 1.2775707746055567e-07 1.037615652685651 0.2481059994334542 -0.10948656878250036 0.05499758908887105 -1.6653667486882632e-08 4.832515473706457e-10 -0.00013066999859759004 1.1207023158674259 SALT2_ORI 24.124920672925047 0.034520538161367756 0.004499896016994884 -0.00013057674622917782
04D1hd SNLS 0.369 0.0 53268.21723769006 0.07923402953019831 2.4697630065130865e-05 5.546507252384888e-07 0.7190148646207566 0.06577052702119678 -0.08968557724816484 0.021967130457717733 -1.728153986638376e-09 -9.974990838030957e-09 -0.00012538161607937546 1.4713686428181083 SALT2_ORI 22.153361796913277 0.024383083388919896 7.597163556755378e-05 0.0004385120623484997
04D1hy SNLS 0.85 0.0 53264.495351892016 0.4096611613058485 3.4444141582328484e-06 1.1952919016692633e-07 1.225552330634612 0.27348741470072996 -0.04720739519141797 0.05487054223558881 -1.0287274190057772e-08 2.0438026513600983e-09 0.0002287834540912657 0.7487502517517028 SALT2_ORI 24.292211585684534 0.03767757398727954 0.0032427186520885636 -0.0006442403358081614
04D1jd SNLS 0.778 0.0 53258.938426994624 0.47930644911320996 3.01296947364276e-06 1.1956875235887397e-07 0.08265889967148025 0.30460354296679787 0.037298001780723546 0.07976052890248898 -1.0102553743704746e-08 3.743779028494308e-09 0.0031924266317129996 1.1407737911818814 SALT2_ORI 24.43751317106193 0.04308710211950223 0.003640497673809342 -0.0013490864973603894
04D1kj SNLS 0.585 0.0 53297.15587032162 0.16806491604438634 8.250816231242688e-06 1.8303454139768067e-07 0.2062746400425327 0.12646209202106057 -0.05535109336911781 0.028719536448921036 -6.4520277704967574e-09 -2.8374477067787224e-09 2.9341919313066846e-05 0.9779169194418038 SALT2_ORI 23.3437577143252 0.02408576591056028 0.000849031168335466 0.00037338362872415946
04D1oh SNLS 0.59 0.0 53308.2625032182 0.20757379177302937 7.852081075788304e-06 2.1666363838187625e-07 -0.06541742902814222 0.21009040917984856 -0.06087741638322737 0.03296444561140167 -2.463180067988806e-08 -3.187089681615888e-09 0.0009685878698643198 0.802483435601476 SALT2_ORI 23.39753806197399 0.029958880222363142 0.0034059299093336815 0.00044069064261337005
04D1pc SNLS 0.77 0.0 53324.87229618069 0.4787830865680007 2.7239383784836583e-06 9.045877964308263e-08 0.058668712897469825 0.3493572112273152 0.08176052496255735 0.06137723857058818 -1.2485928241715119e-08 -1.705673481718938e-11 0.003215968125799951 0.5468411836485608 SALT2_ORI 24.547006803376853 0.03605601832718614 0.0049767735016049116 6.798653990216229e-06
04D1pg SNLS 0.515 0.0 53326.909265467606 0.24299232367775403 6.656086030290027e-06 1.8730243334087856e-07 0.9914098302534664 0.19283157755622132 0.11305571333704519 0.03508097441938517 -1.6322709396141236e-08 -4.344222583689814e-09 0.001238225358143303 0.7697508583870492 SALT2_ORI 23.576952683500522 0.03055264493157805 0.0026625492024122824 0.0007086266191836487
04D1pu SNLS 0.639 0.0 53330.30040941548 0.5223974404434557 4.394874829470618e-06 2.1826906638061614e-07 -1.3051206983888113 0.4127362639328135 0.10240549439275858 0.1075859782887359 -5.1835219878701485e-08 -5.175485626077544e-09 0.007335153846799263 1.4883405694352971 SALT2_ORI 24.027633723912565 0.053922497669117005 0.012805683230501378 0.0012785829720921866
04D1rh SNLS 0.436 0.0 53350.82295986814 0.2623772157858184 1.6953537090672845e-05 3.938227436887181e-07 0.8135193699563769 0.21320678525142797 -0.04586325585978863 0.02595666483088746 -1.2113729340456982e-08 -7.843262462157766e-09 0.00017762680602909252 1.7140183076799516 SALT2_ORI 22.56184919812063 0.025221144637437572 0.0007757858698885225 0.0005022971886657257
04D1sa SNLS 0.585 0.0 53360.071651740865 0.3272495877245092 6.681703634080319e-06 1.9043206817503997e-07 -0.42580699959272716 0.2903688849376567 -0.051485891668752906 0.034137666197176925 -2.523593046668687e-08 -2.086791613445621e-09 0.0007283113624768661 1.0186348420946851 SALT2_ORI 23.57278197833629 0.030944052937341624 0.004100685224751364 0.0003390909460496295
04D1sk SNLS 0.6634 0.0 53355.26531934705 0.5374925949799945 4.224889602734727e-06 1.2268017118097451e-07 0.42310985738095447 0.3820376340375163 0.08439027877931998 0.05440807336886538 -1.8484145541594986e-08 -2.52298353988893e-09 0.002924793081376986 0.4600790019677746 SALT2_ORI 24.07046158693337 0.03152704945731388 0.004750161049305963 0.0006483706867732405
04D2an SNLS 0.62 0.0 53031.63658887996 0.762280044160434 6.636016131231185e-06 1.9339088658583932e-07 0.0979649237461976 0.5988247239686597 -0.032622255732836926 0.04716775820681057 -4.371438178887805e-08 -1.5057012173983174e-09 0.00637161811697022 0.4327341513696413 SALT2_ORI 23.580231417342453 0.03164119602547785 0.007152225979896561 0.00024635177084393855
04D2fp SNLS 0.415 0.0 53107.43592062898 0.162189422211668 1.719477984420134e-05 4.130372601514654e-07 0.3907658495174299 0.12721287307142715 -0.04307666866277107 0.027916651184178885 -1.0267300372489424e-08 -8.317593572743158e-09 -0.0002465605694699028 1.2566699683969933 SALT2_ORI 22.54650845089317 0.026080561154249414 0.0006483118621200455 0.0005252008202615185
04D2gb SNLS 0.45 0.0 53108.40275559245 0.20702602508026757 1.2307616420477702e-05 3.17071801794561e-07 -1.5998418016937248 0.1753335716335697 0.03381735457012766 0.03467225338569492 -1.2163609528609842e-08 -6.940181967614041e-09 -0.0002531420558171869 0.7358299090414472 SALT2_ORI 22.909565118619497 0.02797099966029708 0.001073032404859436 0.0006122393298925715
04D2gp SNLS 0.732 0.0 53110.62061685446 0.6056528444860305 3.727024294328201e-06 1.7326665217646237e-07 -1.1652754300132226 0.42828282189346867 -0.13253804605086442 0.08671176558259859 -2.8629525779490543e-08 4.393124744739714e-09 0.005590272164183645 1.3434699228467706 SALT2_ORI 24.206594440802352 0.0504750874931252 0.008340195879901563 -0.0012797809219117203
04D2ja SNLS 0.74 0.0 53123.10710779972 0.48382330931781325 4.203304677387532e-06 1.941348729679173e-07 0.3169818812997285 0.39796669475935587 -0.18568262971912583 0.07213655997897185 -4.408375823261833e-08 4.672637612428399e-09 -0.001081531575167456 0.3738512999658614 SALT2_ORI 24.076022822326138 0.050146081801139664 0.011387071846694288 -0.0012069674260875283
04D2mc SNLS 0.348 0.0 53367.13245686865 0.13218306713315542 1.8016291736148848e-05 6.036561898950366e-07 -1.8072641715362783 0.12557826779120002 0.0715322271733338 0.029779691243699367 -3.5904338456458376e-08 -1.4895285176806048e-08 0.0008734334504360256 1.5630337144601276 SALT2_ORI 22.495836485703393 0.03637881702816443 0.0021637438348009004 0.00089765144978233
04D2mj SNLS 0.513 0.0 53374.49617532256 0.2725722556861001 5.529279815925688e-06 1.5931262070293776e-07 1.5817332312551968 0.22472979063059392 0.16288647922028343 0.03419674499424059 -1.4970850433334513e-08 -3.6000648913944906e-09 0.000327300185185325 0.842175064620059 SALT2_ORI 23.778328578762526 0.03128282270574887 0.0029396946569196143 0.0007069131825825785
04D3cy SNLS 0.643 0.0 53101.19132801306 0.26785203033068683 5.559196837744923e-06 1.7927716010272805e-07 -0.14101607074268593 0.2064759096198589 -0.0254458366416514 0.06471377266401387 -1.9650598116490574e-08 -4.003549244426313e-09 0.0014487448533074725 0.7537473968936008 SALT2_ORI 23.77246987092401 0.03501363759746093 0.003837850402303865 0.0007819112165074861
04D3df SNLS 0.47 0.0 53119.60773471488 0.18891550013358938 6.891737871153746e-06 1.6561798343641772e-07 -2.01582978478692 0.14619731386807636 0.12473286788544591 0.030007598531133252 -3.6877668584885835e-09 -3.2259133115642417e-09 -0.00010483383152939504 1.766586130881749 SALT2_ORI 23.539178123502722 0.02609174117439956 0.0005809771160518479 0.0005082159161097254
04D3ez SNLS 0.263 0.0 53115.438228862746 0.1295503138062486 3.865517330934114e-05 9.59503810787233e-07 -1.062540556197376 0.08261681431416958 0.035648550913955024 0.024674364341024622 -5.702601807492279e-09 -1.974784076867899e-08 4.2440765034160764e-05 1.7569795119383618 SALT2_ORI 21.666980938106043 0.02695028729112816 0.00016017315959665655 0.0005546720879187502
04D3fq SNLS 0.742 0.0 53120.16471241573 0.5446518918251968 4.144669344302767e-06 1.399155432764363e-07 -0.14434351238588014 0.40274013790478436 -0.02648414052828354 0.067878749782674 -1.950722168968859e-08 1.2062705343031028e-09 0.0033322458751727487 0.9696813390187808 SALT2_ORI 24.091275277785925 0.03665222924295422 0.005110105314396532 -0.0003159942284964432
04D3gx SNLS 0.91 0.0 53125.92010140921 0.6223487432071124 2.6071572337148657e-06 1.3311949787830876e-07 0.26605036266315973 0.44317488517475956 0.02907064764712868 0.04799671136624059 -2.3387302460752896e-08 2.522883856816022e-09 0.0004535546442548663 3.817814992176592 SALT2_ORI 24.594581940994033 0.05543687835035645 0.00973951270943768 -0.001050641023227429
04D3kr SNLS 0.337 0.0 53165.964288129464 0.1169900591703481 2.965432366084409e-05 7.011126563553574e-07 1.1841154997590055 0.0849551908293588 -0.022312593572439136 0.022765393897524227 -4.4093108253803395e-09 -1.316516574415054e-08 -0.0001095376215988746 0.48415442066234365 SALT2_ORI 21.954779941655683 0.025669895672727303 0.0001614384619221195 0.0004820173022168626
04D3lp SNLS 0.983 0.0 53149.62720326482 0.9843918056831171 1.912686169575859e-06 1.970792021821612e-07 -0.2978593211759805 0.7294335054398959 0.054243985409863145 0.08055618937499423 -7.334073749830248e-08 8.3977600457052e-09 0.00498277511753541 1.0304177942423858 SALT2_ORI 24.930890706142378 0.1118719988765691 0.041631865829419856 -0.004766988053516011
04D3mk SNLS 0.813 0.0 53179.50405453976 0.33380496838799445 3.519229681099601e-06 1.1974237151512604e-07 -0.21725720571214494 0.2839857048449695 -0.1174977129811163 0.057164297115028795 -9.580873141997592e-09 1.7759194262030943e-09 0.002277446485536474 1.2386861884300644 SALT2_ORI 24.268880970465986 0.03694235380424191 0.0029558459623502923 -0.0005478983165314499
04D3nc SNLS 0.817 0.0 53187.752866808856 0.5020728676463477 3.5526704862606373e-06 1.4041900514074845e-07 1.1766349407978252 0.4601702322636013 -0.06443167778198128 0.057987299145147206 -3.177014449528034e-08 1.6332179762418848e-09 0.0037060102240522416 1.0204820242017887 SALT2_ORI 24.25861267972526 0.04291363308447391 0.009709314793568064 -0.000499129850045295
04D3nr SNLS 0.96 0.0 53186.07137720844 0.6322377257674816 2.674409335754686e-06 1.5676228507166305e-07 0.4046097083290119 0.5189360350922674 0.02970954465631253 0.056917245908306054 -4.918365484840987e-08 4.26948388825794e-09 -0.004280750410496508 1.6469069848857332 SALT2_ORI 24.56693030097397 0.06364115102630329 0.019967203238982618 -0.0017332923465154845
04D3oe SNLS 0.756 0.0 53195.587535800994 0.3581828628666699 4.280911552059938e-06 1.317215545296737e-07 -0.758788405034692 0.2871854719263515 -0.25389670507751694 0.05891178911051321 -1.1145566233925216e-08 1.3295568608744428e-09 0.0021844972116135276 1.1596453049651805 SALT2_ORI 24.056159362584935 0.033407571953004124 0.002826768232779618 -0.00033720575690037954
04D4bk SNLS 0.88 0.0 53192.18345886095 0.49599514645160525 3.3991424025679636e-06 1.3339382991459134e-07 1.8505232802195895 0.43593952477177617 -0.10450753535412616 0.05958833582558829 -2.4313644960631945e-08 1.6418356496541263e-09 0.007033033703640193 1.0059440416347634 SALT2_ORI 24.306576602109573 0.04260795620689624 0.007766136712439583 -0.0005244265158604009
04D4dm SNLS 0.811 0.0 53199.50954675845 0.6049455271277111 3.12474590525557e-06 1.2830176718846982e-07 -0.38444896054037236 0.3336822861140076 0.005492768921238754 0.0629543327094419 -1.4153521368183474e-08 2.1450443987450996e-09 0.0024208909604721707 1.918394064117332 SALT2_ORI 24.39796323094537 0.04458022443894585 0.00491783685464107 -0.00074532535929212
04D4fx SNLS 0.629 0.0 53242.59972467127 0.22462045860811486 6.96373193997156e-06 1.7921725567507844e-07 1.0164777916391277 0.19686789878770566 0.005763638830608151 0.03449700813791973 -1.694761836616934e-08 -1.9260668706274625e-09 0.0001638663759905435 1.278929178338859 SALT2_ORI 23.527894887120468 0.0279422965560937 0.002642353698159298 0.00030029882715933045
04D4hf SNLS 0.936 0.0 53237.08772284692 1.7417360265935713 2.1699520279054093e-06 1.6664489601826088e-07 0.9371219252087369 0.7245639815254722 0.03666781766278239 0.08210793263410719 -4.172452971576744e-08 6.379628668122115e-09 -0.004059432094180352 0.6014769122278474 SALT2_ORI 24.793874667966527 0.08338082806366388 0.020876882049159246 -0.003192049284416257
04D4ib SNLS 0.699 0.0 53267.443009495844 0.2941834576486144 6.591638127621983e-06 1.7559222340181177e-07 0.9800438526414322 0.21890740487837138 -0.13126464920182224 0.05157166934444411 -1.3163201820883725e-08 -1.969640994648395e-09 0.0010046350326286325 0.5522480482378035 SALT2_ORI 23.58751660714976 0.02892252737941229 0.0021681658657174393 0.0003244277821175039
04D4id SNLS 0.769 0.0 53261.91656406497 0.765617153236235 3.833681584064859e-06 1.8525529214033682e-07 0.6177845082573796 0.4658293672701488 -0.14573560940479874 0.07603081212837458 -2.5266413728178232e-08 6.542596831811876e-09 0.00345137337250309 0.726296741085988 SALT2_ORI 24.175959903414242 0.052466114722689215 0.0071556960450518264 -0.0018529275574060845
04D4ii SNLS 0.866 0.0 53272.73829400073 0.4920304444276553 3.44279409343916e-06 1.937208174101982e-07 0.7114109784188448 0.4277416531405934 0.0747559326669118 0.07098370359914846 -2.9346756014292235e-08 7.289723227018017e-09 0.004356715137931511 4.318759077901868 SALT2_ORI 24.29272237698595 0.061092734380604065 0.009254934983663593 -0.002298922391357238
04D4in SNLS 0.516 0.0 53278.56217472315 0.1402052411212935 1.262519648114917e-05 3.066934366883265e-07 1.5260973842881798 0.142432167464947 -0.06111955573988674 0.028478554111645866 -1.7255098201059168e-08 -5.817419075323434e-09 0.00045652476800573494 0.853966761610254 SALT2_ORI 22.8819046359906 0.026374889964793802 0.0014838964970976484 0.0005002838979781408
04D4ju SNLS 0.472 0.0 53293.05546038592 0.2870164015403134 5.534395603052494e-06 1.4141172271430087e-07 0.480560141412565 0.22343266726850758 0.1695468676757038 0.03482043898620226 -8.735936603244911e-09 -2.7802520439312174e-09 -0.00014130259200845357 0.9759254999355018 SALT2_ORI 23.777324500915892 0.027742112805136547 0.0017138136361960373 0.0005454290800578104
04D4jy SNLS 0.93 0.0 53289.36181633467 0.7937314483060618 2.3071663411981514e-06 1.6152500808847544e-07 0.22728135934562935 0.46947975898104916 -0.09955673343782971 0.07001664910814197 -2.597665917076368e-08 6.1164293493151444e-09 0.005771811879116582 1.094705650642202 SALT2_ORI 24.727302731880833 0.07601252936293834 0.01222443255899516 -0.0028783485047497543
05D1cb SNLS 0.632 0.0 53616.746162582785 0.30508631510747364 5.927867861669844e-06 1.544861871369323e-07 -0.22892406448861868 0.2069291021673797 0.006529179987246724 0.04066614384463928 -8.132647595851937e-09 -4.157108105377483e-09 0.00037278649765527507 1.166836233750716 SALT2_ORI 23.702753714489518 0.0282953754070959 0.001489559170583178 0.0007614074541517151
05D1ck SNLS 0.617 0.0 53628.281920450565 0.26892308886453975 4.201068248375928e-06 1.212367452139859e-07 -0.03712199957596662 0.23710166374675368 0.10876481779329497 0.03771427482898712 -1.4624602780884094e-08 -1.765930851828762e-09 0.0006279817840040219 1.1803072166024564 SALT2_ORI 24.076600657704468 0.0313327743905965 0.0037796245575278777 0.0004563922668171517
05D1dn SNLS 0.566 0.0 53649.22093867278 0.33217467756549013 8.686479682833552e-06 2.1059085707945385e-07 1.1649891648996236 0.2223340070816525 -0.010479963290344403 0.03476072205100025 -1.5872558284335564e-08 -3.4478315943750856e-09 0.00013847635783302247 0.680782777021741 SALT2_ORI 23.287890479497687 0.0263220690395517 0.001983935014030347 0.00043094967427597297
05D1ee SNLS 0.559 0.0 53660.617706308854 0.20241123772939318 6.948749431023005e-06 1.8367965851556608e-07 -0.6174627037596208 0.18593424455369945 0.009205516628375876 0.03438748580846682 -1.486024325248345e-08 -3.1683105574661913e-09 0.00020022075149817088 0.8724807264056721 SALT2_ORI 23.530233371285625 0.028699790848351246 0.002321900403934794 0.0004950458372841374
05D1eo SNLS 0.737 0.0 53667.131168225584 0.43905950017870055 3.4029527029226277e-06 1.1502438916274141e-07 -1.3311223586073508 0.3045699933792288 -0.0652314198604249 0.06473898247185816 -1.4643409758264714e-08 1.1015993189297034e-10 0.0020212775407199637 0.7715815373731151 SALT2_ORI 24.30536021762373 0.03669934749222887 0.004672083782416878 -3.5147307885638595e-05
05D1hk SNLS 0.263 0.0 53717.90280246461 0.11844267715059686 5.9640814483747006e-05 1.776537838268723e-06 1.3976622870613882 0.1209875625810732 -0.0011691012760505 0.027501207887608816 -6.624342095808436e-08 -3.996865578279662e-08 -2.5558805222486272e-05 2.1652835989383727 SALT2_ORI 21.19614108560874 0.03234113193837645 0.0012059339075730713 0.0007276127432955088
05D1if SNLS 0.763 0.0 53715.54481671711 0.21991690422510146 4.354782786899676e-06 1.39187407111973e-07 0.2860823853626807 0.25823532260919396 -0.044770488923198674 0.05148319912545164 -2.1306838672358625e-08 -5.680673783950842e-10 0.0005630394071499884 0.9470621963657405 SALT2_ORI 24.037583755948198 0.0347022606047055 0.005312229630628725 0.0001416307884106156
05D1iz SNLS 0.86 0.0 53694.30316010582 0.8504385375999846 3.0947181356315757e-06 2.0056708917995546e-07 1.123647117050417 0.7071589924716709 -0.14073217290602189 0.07808210239080678 -8.941086382817021e-08 3.2161708003449756e-10 0.02354953267450235 0.9467362183835026 SALT2_ORI 24.408447250062228 0.07036600448305083 0.03136848258949175 -0.00011283460805091491
05D1kl SNLS 0.56 0.0 53742.99760115082 0.41421698009799 3.926926583335336e-06 1.3323362479397208e-07 0.6518932874036013 0.29504627349639084 0.14438758873008078 0.04666459028266369 -1.8111337883934782e-08 -1.861538601167474e-09 0.00022743530599165162 0.7109453499333661 SALT2_ORI 24.149868045239025 0.03683709564213747 0.0050075128322092915 0.0005146874567045445
05D2ac SNLS 0.479 0.0 53374.59601562673 0.15207644222391536 1.5298577113447863e-05 3.4479580201586464e-07 1.1086530419138834 0.10986545065524206 -0.03934761022709599 0.024651871680794073 -7.67702820073884e-09 -6.1324193934837354e-09 -6.176169052418267e-05 2.1266444782644642 SALT2_ORI 22.67337240016421 0.024470072132928632 0.0005448367780010358 0.00043521627592499784
05D2ay SNLS 0.92 0.0 53375.57256480415 0.947309216557187 2.458958891573554e-06 1.6193955355310844e-07 0.3039221881223633 0.6538975322486069 0.03218019453248916 0.08586840322427328 -6.182459995063213e-08 3.6136865219762043e-09 0.012139904741337226 0.5421518249612132 SALT2_ORI 24.65812182914141 0.07150328412463355 0.027298222325357276 -0.0015955981627026265
05D2bv SNLS 0.474 0.0 53404.21674823469 0.1403915222690557 1.4688820785153903e-05 3.44210601915549e-07 0.011773710222991632 0.12302351153430933 -0.09032151167316443 0.02494018427800998 -1.3360070051949382e-08 -6.288545654493941e-09 0.00013235606389258152 1.249165600966468 SALT2_ORI 22.717532669655874 0.025442608227545602 0.0009875205073076453 0.0004648229964967158
05D2by SNLS 0.891 0.0 53413.28994306561 0.7727898439625278 2.746916504823521e-06 1.215993363459435e-07 1.0893376935059649 0.4611463434427706 -0.02783631533382013 0.06180001871373271 -1.48231331167787e-08 2.949446515553355e-09 0.005493472166018305 1.0922083381008747 SALT2_ORI 24.537886352946146 0.04806291043558096 0.00585893756310945 -0.0011657874785457763
05D2ci SNLS 0.63 0.0 53428.063630101504 0.2761439458699897 6.591365415720946e-06 2.5619347425495435e-07 -0.8050115223989549 0.24793135392618437 0.049583327387372374 0.05253590874965216 -4.103532477096362e-08 -3.3188443039848183e-09 -7.2058574362428e-05 0.8333984555702671 SALT2_ORI 23.587561527593493 0.042200441468158156 0.006759379122204251 0.0005466833033103027
05D2ct SNLS 0.734 0.0 53425.18530779682 0.46792544697382255 3.18251307025655e-06 1.6238018030812342e-07 0.393242137401575 0.47446215981596745 0.0911177768491943 0.06812054159600225 -5.527973640168527e-08 -1.091354573814352e-09 0.00518677992765847 1.2872625927276007 SALT2_ORI 24.378074510168766 0.05539711441985391 0.018859061966384098 0.000372323112854679
05D2dw SNLS 0.417 0.0 53454.36658926449 0.12899672101411852 1.846352371600882e-05 4.708361294051004e-07 1.1220348887304317 0.16448859228936816 -0.0037503168250051754 0.024969267850561923 -3.202483673322816e-08 -8.89290738283658e-09 0.00041100498061508964 1.1432397264889778 SALT2_ORI 22.46921352853809 0.027687230241974958 0.0018832009115673871 0.0005229419724868042
05D2eb SNLS 0.534 0.0 53452.00746898257 0.2323515115385817 1.1455296605971398e-05 3.454700439622666e-07 0.89033006544713 0.269261798239796 -0.05007103593223496 0.03161763893090902 -5.830246511339404e-08 -6.498246026861238e-09 0.0019364533977875554 1.43668684894564 SALT2_ORI 22.987484153425875 0.03274374704481153 0.005525923891596331 0.0006159055694036852
05D2fq SNLS 0.733 0.0 53463.31235512578 0.47124427320159157 4.546699563603768e-06 1.3868574658920187e-07 0.859764659994187 0.31589887007307943 -0.06390839271103278 0.056670231870972074 -1.968951257254368e-08 -5.650630556259603e-10 0.0020508115250143246 0.7400104775865388 SALT2_ORI 23.990759355294248 0.03311767888979656 0.0047017878254324115 0.00013493511257605225
05D2he SNLS 0.608 0.0 53467.621607170484 0.4774350559237064 4.829724131858123e-06 1.3600737168135966e-07 0.24284933747814957 0.3886116670363592 0.07402069204498449 0.04159776255848528 -2.2925095460365073e-08 -2.1598795302411967e-09 0.003224885856142944 0.9824558235690821 SALT2_ORI 23.925194187320663 0.03057485759370606 0.005153628956707828 0.00048554727762404145
05D2le SNLS 0.7 0.0 53694.96838553343 0.4185785327281337 4.724061923029943e-06 1.5498209728349932e-07 0.4919699430566028 0.3059319263141215 -0.0241015279577484 0.04858713617373774 -2.7954982167112065e-08 -2.8887011513271494e-09 0.002364261876459048 0.993474547851475 SALT2_ORI 23.949211045716822 0.03561970119183284 0.0064249234528946 0.0006639132754446959
05D2my SNLS 0.981 0.0 53703.205710784954 0.9980900366899732 2.5189600590736207e-06 1.3850768472150124e-07 1.3696333776167016 0.5015596894484521 -0.02193940168747051 0.05646667701322442 -2.523899009261276e-08 2.834769519947876e-09 0.0038503122642703515 0.7032669324807045 SALT2_ORI 24.63194679667894 0.059700354278210944 0.0108786501859657 -0.0012218581588324731
05D2nt SNLS 0.757 0.0 53727.68636177615 0.4538205119133636 4.1199064307586704e-06 1.2043374637805858e-07 1.671836406176099 0.32398612836229435 -0.012978156641157802 0.050051373508756776 -1.818492605811155e-08 -1.3218526323976995e-09 0.002325135710672857 0.9383872256449117 SALT2_ORI 24.09778161833139 0.031738409819476766 0.00479234976181375 0.0003483533629875997
05D3ax SNLS 0.643 0.0 53400.08296237036 0.3086490762725589 6.495618300364285e-06 2.827289359488602e-07 0.6831029406645635 0.43595006178117307 -0.0666120432625386 0.06381478808914472 -9.634010155743909e-08 -4.993439965461461e-09 0.003750832094250854 1.3858722966033026 SALT2_ORI 23.603448758261102 0.04725786333153296 0.016103153140189987 0.0008346485747913546
05D3ci SNLS 0.515 0.0 53432.535381680995 0.4248613130293961 6.280538270071614e-06 3.9292317026549524e-07 2.3372661755338022 0.6174716072721698 0.15383240037637122 0.05517633064772627 -2.1173109585677288e-07 -1.1396550018677043e-08 0.011500458767941337 1.1859678431851657 SALT2_ORI 23.640007834246134 0.06792585178224331 0.036602613750523504 0.0019701570840795967
05D3cx SNLS 0.805 0.0 53450.00739484435 0.8640106074162759 5.029734201476155e-06 1.536614536663631e-07 0.7779655830342854 0.4728503846780897 -0.13943518333031266 0.04829994574277795 -3.731544496948534e-08 3.628892750433843e-11 -0.00018794557450621538 0.8720174301253292 SALT2_ORI 23.88113741205315 0.03316990457912673 0.008055043860595926 -7.833456171846997e-06
05D3dh SNLS 0.8 0.0 53442.52593049325 0.6038061312683567 3.803146720730956e-06 1.3379459225103094e-07 0.20749149788828566 0.2777240543104415 0.12820821261204807 0.06340369381055118 -1.1967067523640488e-08 2.1660412892217094e-10 0.001415964448546851 0.6515327275294833 SALT2_ORI 24.18464229929336 0.03819616845596639 0.003416402108384725 -6.183693718387451e-05
05D3gv SNLS 0.715 0.0 53466.575856387186 0.5989479501768074 4.581354527200594e-06 1.5665001513971736e-07 -0.8589304362443468 0.29111687406958364 -0.05268348631760497 0.06083627039798453 -1.9359069451425842e-08 -1.2051161143626162e-09 0.0012632176763649073 1.171520615266158 SALT2_ORI 23.982515247830413 0.03712452112214657 0.004587910075294601 0.0002856007297694211
05D3hh SNLS 0.766 0.0 53479.60847550797 0.44308946554156137 3.445090951847744e-06 1.6307514267120795e-07 0.6941736995217032 0.44224782407254043 0.011563202408816812 0.06398295614824126 -5.279786956296179e-08 -6.865838115363238e-10 0.005743014909176079 1.2707032140098156 SALT2_ORI 24.2919982701208 0.05139387870130543 0.01663949060266736 0.00021638003530385873
05D3ht SNLS 0.901 0.0 53489.299132248285 0.45978174029733054 3.132193498012143e-06 1.6465173231949928e-07 0.9669298367742213 0.38640029046110874 -0.1562720776597897 0.05767602804038929 -3.992505295242882e-08 2.35665405690907e-09 0.0032415487641928625 0.9502813801033748 SALT2_ORI 24.395378540766433 0.05707449015167184 0.013839526675107532 -0.0008169050326233655
05D3jh SNLS 0.718 0.0 53492.63960363969 0.36680321527819615 5.852676418358005e-06 1.7422372073269562e-07 -0.5720021054608426 0.18284970941188866 -0.14328587770928986 0.04876075753628171 -1.3726113048380832e-08 -2.5064493415005322e-09 0.0005351509576606696 0.7758196526717468 SALT2_ORI 23.716613716028526 0.03232042706714806 0.002546345777887911 0.0004649740735577495
05D3jq SNLS 0.579 0.0 53500.96608975547 0.3877879219580791 8.658900612364212e-06 1.9115418869653617e-07 1.4631394265480653 0.20450249587018993 0.0142377754856483 0.027925168306323387 -3.6427918546948515e-09 -3.6276966221004043e-09 -0.00026244016512252976 1.4620023828914122 SALT2_ORI 23.291343112997314 0.02396874991989651 0.00045676826425200404 0.00045487547886495
05D3km SNLS 0.96 0.0 53522.70421462054 0.4491356413382164 2.3559657752276384e-06 1.2221317272564227e-07 0.4666704713972933 0.3247703745405536 -0.1592250743622619 0.04941833787996414 -1.633373287028551e-08 2.4969150413153834e-09 0.0019116720234293573 1.061329515592795 SALT2_ORI 24.704577556929806 0.056321389606675286 0.007527327146508905 -0.0011506920385120241
05D3kt SNLS 0.648 0.0 53531.042276387154 0.2718231826911506 4.698539919645457e-06 1.327775055408881e-07 -0.40415778494930044 0.1973136226332012 0.05251998740032036 0.047765354809967644 -8.872074929664928e-09 -3.169183006576026e-09 0.000527721391360605 1.3643662165109585 SALT2_ORI 23.95509269737111 0.030682158161613217 0.0020501545431566783 0.0007323331904357761
05D3la SNLS 0.936 0.0 53535.91045223022 0.400606596871512 2.9506762701898765e-06 1.3493200034877098e-07 -0.23787984705459275 0.30389952885667776 -0.10283322528926842 0.05097724243437633 -1.9311046105405678e-08 2.492370257516934e-09 0.00010280324907535176 0.9544618190540554 SALT2_ORI 24.460196089925496 0.04964982415697873 0.007105727632751528 -0.0009170970911269582
05D3lc SNLS 0.461 0.0 53527.63889865855 0.13857463619933696 1.156228416946447e-05 2.600326846327874e-07 -0.7265594934055711 0.1070657338270208 -0.03256098083846827 0.024303227621411273 -2.838962095607874e-09 -4.6999390277420184e-09 -8.251524390217827e-05 0.9653265034514359 SALT2_ORI 22.97739090263454 0.024417917427759152 0.0002665878027178989 0.0004413396079687932
05D3mh SNLS 0.67 0.0 53558.28679339852 0.5912478800928511 3.990851527264478e-06 1.8727263518721782e-07 1.1138759409586745 0.5426368103272635 -0.1027226176615632 0.08012904821424177 -5.345271064399993e-08 4.615062453711911e-09 -0.00024525707383859645 1.5390157902930581 SALT2_ORI 24.132336072728105 0.05094869573426474 0.014542145402345079 -0.0012555567048743391
05D3mq SNLS 0.246 0.0 53575.71811965635 0.15907489350138349 4.52952731540228e-05 1.2034280095712378e-06 -0.7061508563481789 0.16894350735590305 -0.003971376363732609 0.025768919295194696 -6.169101234936682e-08 -2.555727858589577e-08 0.0005974349219590659 0.8787481419742345 SALT2_ORI 21.49486779244223 0.02884639541456132 0.0014787451526813399 0.000612612767814433
05D4ag SNLS 0.64 0.0 53538.602185897544 0.461787411775731 4.986870309634679e-06 2.1016147862920364e-07 0.38869412089874134 0.4705459285238224 0.09030189804031401 0.058158782413663956 -7.336908801628237e-08 -6.759581239476047e-09 0.009330797529880261 1.1964131536374807 SALT2_ORI 23.89042981513807 0.04575613802355811 0.015973841352052157 0.0014716889802655838
05D4be SNLS 0.537 0.0 53551.53126452404 0.19024831417118548 1.275167508376054e-05 2.8925256873518963e-07 0.8858332295248164 0.13009009854630407 -0.1435399299383396 0.027952185414260963 -9.232017738298348e-09 -5.286197157586802e-09 1.2453428952773562e-05 2.2526229332530336 SALT2_ORI 22.871081904378926 0.024628292685643708 0.0007860564071464549 0.00045009111366009816
05D4bi SNLS 0.775 0.0 53560.295183331014 0.6384964552526071 4.245218947940517e-06 1.772628151803534e-07 1.2879595797931 0.4458855977832389 -0.16409362516771805 0.07556554268560692 -3.038684732469081e-08 5.4055675494949955e-09 0.0023235961604042986 0.45294410469944524 SALT2_ORI 24.065249765063463 0.04533586101419506 0.00777158980336691 -0.0013825012249602902
05D4bm SNLS 0.372 0.0 53567.99181550023 0.07058781500745681 2.3418490691834386e-05 5.53246340524945e-07 0.20766566183933027 0.06849891355921474 -0.06451786809500196 0.02240125508918779 -8.856914637983105e-09 -1.0191126728460887e-08 0.00010660856810490565 1.2910145194579945 SALT2_ORI 22.21110274597406 0.02564979912507017 0.0004106273547450914 0.00047248455940101993
05D4cq SNLS 0.701 0.0 53586.25603956276 0.39131971745882765 5.802269585621036e-06 1.646380746169412e-07 0.6252150045873385 0.27076699314128344 -0.1110917830896545 0.05345917626911475 -1.588710558242114e-08 -1.5005741578684245e-09 0.0015276285379969285 1.0028606538626155 SALT2_ORI 23.726005242078955 0.030807516895847736 0.002972837691374415 0.00028079145015248513
05D4cw SNLS 0.375 0.0 53580.43220382243 0.16118130457834923 2.4622120650566563e-05 5.96473501040038e-07 -0.7877063289509162 0.10272663761647532 -0.12554724252986468 0.02509432873736072 -7.515507965431698e-09 -1.1768868216707965e-08 -0.0001445637189529712 1.561210129000032 SALT2_ORI 22.15668636234841 0.02630207545681502 0.00033140358667804444 0.0005189596173801975
05D4dw SNLS 0.855 0.0 53612.86056330853 0.5601583115712856 3.1322928381003155e-06 1.1801759331054006e-07 -0.4988343998704635 0.2970553591538724 -0.01447509725726223 0.060911137968875664 -1.0819992486098453e-08 1.9082115870723777e-09 0.001797288889365432 1.9798573361097915 SALT2_ORI 24.395344106297415 0.04090804419595282 0.0037504978571839976 -0.0006614370090888348
05D4ef SNLS 0.605 0.0 53625.42375887849 0.2849919906620926 5.227594641484997e-06 1.5253507426144004e-07 -1.5172772026603052 0.2120876770775006 -0.06375453702601586 0.03731707927342842 -1.2886243429917067e-08 -1.4714528443265847e-09 0.0002160144948270138 0.6790443361534405 SALT2_ORI 23.83924523969867 0.031680507762948874 0.0026763859852785205 0.0003056108471000096
05D4ek SNLS 0.536 0.0 53635.70527755522 0.18933584473415976 8.588410265675051e-06 2.3503823096484274e-07 0.32974222379834667 0.17871728237443663 0.07511588488724515 0.030911728760041942 -2.1149913752605995e-08 -4.467414368100134e-09 0.000866753526460181 1.0350500654082384 SALT2_ORI 23.300218044071364 0.02971324249386858 0.0026737459411426113 0.0005647649996983152
05D4ff SNLS 0.402 0.0 53635.81409738349 0.12754384315849165 1.639204934728195e-05 4.239942949271463e-07 -0.7349735984053228 0.12114741072116628 0.006109918650597333 0.025880164172185298 -1.7344170285188096e-08 -8.50601026407193e-09 0.00023824255417889583 1.4702900987355298 SALT2_ORI 22.598416867968474 0.02808349016406733 0.0011488004471656467 0.000563400164682795
05D4fo SNLS 0.373 0.0 53658.147227327725 0.08108531514153583 1.9036675655056066e-05 4.3545344151296865e-07 -0.7475346434391077 0.08779799939916956 -0.05405667080833907 0.022527276543758995 -6.302567699629848e-09 -7.549197113557426e-09 -0.0001629115454987775 0.6629134954822834 SALT2_ORI 22.43602222374404 0.024835616023724513 0.0003594601315072484 0.0004305602917002962
05D4hn SNLS 0.842 0.0 53693.81290322763 0.7305035224635503 3.845195270446705e-06 1.6212600440389177e-07 1.1782827484747547 0.6918269652787471 0.08213180323030728 0.07049735397645743 -6.680886306139728e-08 -7.206160517164022e-10 0.021428268335455577 1.1836078245080188 SALT2_ORI 24.1727040013442 0.04577818818903101 0.018864269906391597 0.00020347443550960715
06D2ca SNLS 0.531 0.0 53795.822980938145 0.46559320828600903 8.513294600350025e-06 2.2564469053926278e-07 1.3882137823520078 0.3520223843455253 0.04830362483063874 0.03155724413298522 -3.6568040448955507e-08 -4.1805446287326405e-09 0.0009845270199349066 1.693903287052131 SALT2_ORI 23.309755844249416 0.028777414788376875 0.004663675734991987 0.0005331624091612595
06D2cd SNLS 0.93 0.0 53790.23299045874 1.2864800038660178 2.366256717941289e-06 2.1773271148788022e-07 0.1576714855095358 0.8844116025963416 0.03792646530081358 0.10916708807028351 -9.907297107836134e-08 1.0493810838624046e-08 0.02755503609172914 0.601669576331615 SALT2_ORI 24.69984535009737 0.09990475083710396 0.04545876649694985 -0.004814993346660237
06D2ck SNLS 0.552 0.0 53794.228034943386 0.5053545895643765 7.615729152827282e-06 2.452824352697296e-07 0.541183506360031 0.4773202418514886 0.02871227118373563 0.047139084061243904 -7.619038430567075e-08 -5.970039461495626e-09 0.006812461604652642 1.000204827212213 SALT2_ORI 23.430721274191633 0.03496868323694541 0.010862079918426743 0.0008511185018671754
06D2ga SNLS 0.84 0.0 53868.99871102871 0.594696201471379 3.5410835987626336e-06 2.1522868662324756e-07 1.0127326957077027 0.6657496920201081 -0.08376857101117656 0.07967197088357375 -7.051663374304131e-08 5.84388408357627e-09 0.015402511583982665 0.523821295548782 SALT2_ORI 24.262159550477826 0.0659915449189218 0.021621195929754967 -0.0017918008284711644
06D3bz SNLS 0.727 0.0 53776.516783457286 0.43180739085073583 4.787246043657534e-06 1.919435639663955e-07 -0.8196114790812438 0.4091472014591415 -0.10757567677559854 0.06767758315567944 -4.8592079876913475e-08 -2.346619670025859e-10 0.0076393132483082915 0.4344358829964132 SALT2_ORI 23.93478562773508 0.043532351328531775 0.011020570053373695 5.3220785213664985e-05
06D3df SNLS 0.442 0.0 53850.7382169435 0.3641998176863126 1.540041882411702e-05 3.45238010567823e-07 1.1257312327872753 0.16330824087972573 -0.01524182640246496 0.023038078923276514 5.616614578157254e-09 -6.227512808401617e-09 -0.0005688339880381318 0.9205446347512526 SALT2_ORI 22.666168670225474 0.02433942944104615 -0.00039597376313739804 0.0004390423532565373
06D3dt SNLS 0.282 0.0 53849.02240650549 0.22843892553282785 2.4596646599005187e-05 6.051679559271262e-07 0.09620438258494847 0.09496701913407313 0.1044506560433019 0.022482356578255116 -5.259972911739476e-10 -1.148967599177353e-08 8.362002248513073e-05 2.3401529804536922 SALT2_ORI 22.157810246755812 0.02671310322993898 2.3218380616785245e-05 0.0005071730878026818
06D3el SNLS 0.519 0.0 53894.356057169054 0.11753799170764978 1.280254376460919e-05 2.914621873966542e-07 0.7340277520286294 0.10423131003687933 -0.132925095304349 0.02658370232009662 -8.1911632031563e-09 -5.275891461708435e-09 0.00016412588509336987 1.8706882002948966 SALT2_ORI 22.86675932721355 0.024717826003401756 0.0006946621399829948 0.00044742876710064476
06D3en SNLS 1.06 0.0 53881.381838696616 1.1223795088299084 2.4804149918872825e-06 2.0207944096625037e-07 -0.8127713249398484 0.4845538070470748 -0.15012735158461182 0.0607406858645447 -3.432732228368164e-08 6.320455858871426e-09 0.007050962705136553 0.799890103899956 SALT2_ORI 24.64868913098986 0.08845494242372794 0.015025879434568163 -0.002766612755928784
06D3fp SNLS 0.268 0.0 53905.37081204006 0.07983248471282423 3.698808119818762e-05 8.98977934176188e-07 -0.009790671772266129 0.053005607846148065 0.05611428523501711 0.022199924656965714 -5.242506537168447e-09 -1.6989384867322385e-08 2.5040689702711813e-05 2.121434466917374 SALT2_ORI 21.71484549414011 0.026388308308936657 0.00015388684588926054 0.0004987009233646226
06D3gn SNLS 0.25 0.0 53921.18246912865 0.0913410531647969 3.245872560535878e-05 8.542410371287332e-07 -0.552158833725467 0.09595558991641327 0.1120736996177812 0.025569907947035717 -1.7186175638666643e-08 -1.792290927505651e-08 0.00020683054875299752 2.7838648973741567 SALT2_ORI 21.856671338617762 0.028574147761601484 0.0005748732510050217 0.0005995168057772256
06D4ba SNLS 0.7 0.0 53904.574631592295 0.48341587545291986 5.896411404572032e-06 2.681853373387462e-07 0.4209103685044894 0.3995365815889096 -0.09257580731068903 0.0708336381113091 -7.40638687119545e-08 -9.114517962247182e-10 0.003105741439312848 1.177654364383458 SALT2_ORI 23.70853055621452 0.04938232941279698 0.013637756629849403 0.00016783025236089875
06D4bw SNLS 0.732 0.0 53909.679054781765 0.48172855993834673 4.875229148932414e-06 1.634532846542245e-07 0.9400171007576146 0.2700616520870298 -0.00223263965909175 0.05977113721082601 -1.9733283769309164e-08 -3.70846746780235e-10 3.589272936908134e-05 0.7242013876529746 SALT2_ORI 23.915012416181284 0.03640180666678817 0.0043946940692616765 8.258929520969136e-05
06D4cl SNLS 1.0 0.0 53937.731559450585 0.6313280487920565 2.8655820981624467e-06 1.6570531526656362e-07 1.3018573458922003 0.3972881952821347 -0.08116655097740005 0.05295993995196217 -2.4743124657960557e-08 3.6775299922577936e-09 0.004289599462753799 0.772886292381222 SALT2_ORI 24.491967861517438 0.0627838442392339 0.00937488626733753 -0.001393373953319491
06D4cq SNLS 0.411 0.0 53947.420380542055 0.1065693556338374 1.6943433251092087e-05 3.778378506747576e-07 0.4303787510226106 0.09471526536398119 -0.02963351786014852 0.021984481494945512 -5.248467877307187e-09 -6.351700978957585e-09 -0.00015557465866714663 1.4627599366198005 SALT2_ORI 22.562496459787628 0.024211871816424143 0.0003363221319702233 0.00040701737436876355
