SNNAME SURVEY Z ZERR T0 T0ERR X0 X0ERR X1 X1ERR X2/C X2/CERR COV_X0_X1 COV_X0_X2/C COV_X1_X2/C CHISQ/NDOF MODEL mB mBERR COV_mB_X1 COV_mB_X2/C
vespesian PS1_HST_COMBINED(CANDELS) 1.206 0.0 55742.03143865241 1.285170941209799 9.85657510674338e-07 8.274438681297649e-08 -1.2422441501281758 0.586880721166078 -0.28526810449801543 0.10311785300162266 -1.509372441439898e-08 5.743151963636623e-09 0.0005675060511840064 1.1309366614771388 SALT2_ORI 25.650684911082642 0.09114583466410826 0.01662626509094721 -0.006326282657839207
washington PS1_HST_COMBINED(CANDELS) 1.33 0.0 55616.67637992247 3.0617100785530056 1.04876853562417e-06 7.527742775423675e-08 0.9127685002136224 0.7756400264830915 -0.08778781865827978 0.04223287621198876 4.085740732516948e-09 -2.226996157347809e-09 0.0037428046313840685 2.5674085985239503 SALT2_ORI 25.58330087625874 0.07793085503389667 -0.004229757554567141 0.0023054947529015327
carter PS1_HST_COMBINED(CANDELS) 1.54 0.0 55943.100002960586 1.3913735689930036 4.931414208039398e-07 4.9135500207773824e-08 2.361707119956462 0.7639695549372989 0.1431981711086907 0.0729643600543303 -2.6075202897001117e-08 -2.9736392120037293e-09 0.019855938540447877 1.9152527221169706 SALT2_ORI 26.402571294771874 0.10818030946885415 0.05740907301101323 0.0065469814867660184
Primo PS1_HST_COMBINED(CANDELS) 1.55 0.0 55483.15204569616 0.9801632339585922 7.201450107730209e-07 5.7110084613074844e-08 -0.631312938162457 0.38285029888442734 -0.20799507362015768 0.07500733209980585 -9.657367144167346e-09 -3.803305285196717e-09 0.005814203636553977 1.3225054060199188 SALT2_ORI 25.991450109486244 0.08610277873709947 0.01456005803582376 0.005734103804251087
geta PS1_HST_COMBINED(CANDELS) 1.7 0.0 56139.62047347015 1.78570123577083 7.162740988327999e-07 5.4205218523828175e-08 1.0130458306140941 0.8800110748164 -0.13924532268639758 0.09246971174955779 -1.7548999208555268e-08 -3.747018788132244e-09 -0.003338955483441067 0.8991211857822595 SALT2_ORI 25.997301882669447 0.08216487003236485 0.02660096718427885 0.005679772540726434
stone PS1_HST_COMBINED(CANDELS) 1.8 0.0 56481.931135735584 1.0758092982250673 4.919203249340661e-07 3.425446447220229e-08 -0.5398597651664258 0.6489557960723741 -0.02409342595073675 0.08096905047959581 -1.2896251869130972e-08 -2.236265190174704e-09 0.01637803975227198 1.2488509171395628 SALT2_ORI 26.405263082733853 0.0756043415304216 0.02846381182129835 0.004935746618598109
colfax PS1_HST_COMBINED(CANDELS) 2.26 0.0 56077.46717574603 6.97656389621261 2.6975017352168503e-07 1.8084562701913005e-08 0.20690330579843347 1.287006565534489 0.07620787507957877 0.11111324838481154 8.763135707997926e-09 1.3376353400560632e-10 0.0031857888707525236 0.8690089856266009 SALT2_ORI 27.057595668192924 0.07278981220416898 -0.03527135341997195 -0.0005383941365087089
wilson PS1_HST_COMBINED(CANDELS) 1.914 0.0 55539.310846216766 1.3790302326306119 4.332769582029116e-07 6.336793305661027e-08 -1.6483097870983092 0.7054897371715629 0.0714896579092264 0.14177964981114186 -3.816424604641227e-08 -7.245474170275761e-09 0.05794511026760824 0.7651788695909142 SALT2_ORI 26.543086015652058 0.15879187166013692 0.09563468094807323 0.0181562242772766
rutledge PS1_HST_COMBINED(CANDELS) 1.614 0.0 56456.4782693394 1.6048079939464515 5.986481532636084e-07 3.618760731894419e-08 1.00723161699626 1.006165165806476 0.050771820471525064 0.04336832425509176 -2.3381558065771253e-08 -1.000293691106743e-09 0.007686253790979584 0.3517481906751903 SALT2_ORI 26.1920708822228 0.06563153200348547 0.042405883952478796 0.0018141792802750085
Aphrodite PS1_HST_COMBINED(HST) 1.3 0.0 52552.65312951467 0.6231524014219758 9.72209316003422e-07 3.749135909629282e-08 0.6388943971737528 0.35353825625899504 -0.015216360519025383 0.05248081775004449 -4.297833749758734e-09 3.9124190373694534e-10 0.005469586471844743 2.4933909297212384 SALT2_ORI 25.66560055425147 0.04186930249112103 0.004799700668706639 -0.00043692802847427285
Borg PS1_HST_COMBINED(HST) 1.34 0.0 52736.76337114693 2.211280554114637 8.732852548946996e-07 4.049970506780084e-08 0.8970241054464597 0.8438856906241682 0.05998931656317091 0.04209574334901499 -4.982782647985205e-09 -1.1901260487832846e-10 0.012179406263039799 1.0566253650882942 SALT2_ORI 25.78210968171171 0.05035238580713217 0.0061949832440609046 0.00014796573423715492
Eagle PS1_HST_COMBINED(HST) 1.02 0.0 53295.517307723545 0.6910330453138158 1.9150376926965256e-06 5.5265350029230635e-08 0.27861055250211764 0.29113964296081773 -0.08910034191359655 0.05972731917134584 -6.183586911377085e-09 -1.6402700289076767e-09 0.00640412369543378 1.82441908033025 SALT2_ORI 24.929556684043867 0.031332851371127124 0.003505802632791585 0.0009299558764595796
Frodo PS1_HST_COMBINED(HST) 0.735 0.0 52645.90197427528 0.24212102252204204 4.168671469143941e-06 1.68887696477714e-07 0.18732712179816466 0.23247994274167597 0.04239333073884717 0.04601266470203026 -2.5810262509830552e-08 -6.342128304753452e-09 0.004702116167202758 1.4858247043922994 SALT2_ORI 24.085005825125016 0.04398703231025102 0.006722318289809766 0.001651816020202277
Gabi PS1_HST_COMBINED(HST) 1.12 0.0 53489.08404969565 0.5304826779356517 1.6183653934930341e-06 4.746438587373544e-08 0.6321145908110024 0.30860156495953023 -0.05872773564475131 0.0528342060215317 -6.104084697025328e-09 -6.245735377466795e-10 0.005959462865743706 2.088389979992457 SALT2_ORI 25.11230854231289 0.03184311922815885 0.004095135609743859 0.0004190166851021194
Koekemoer PS1_HST_COMBINED(HST) 1.23 0.0 53447.7657337374 6.751250328368769 1.6511473519697675e-06 3.673719775056334e-07 0.6975103122151101 1.178640694899378 -0.23036597405331707 0.09068132991657664 -6.92997710679071e-08 -2.580703086522748e-08 0.012307289328546116 0.9553217338849063 SALT2_ORI 25.09053541906622 0.24157084230890535 0.04556908281996527 0.016969792377561847
Lancaster PS1_HST_COMBINED(HST) 1.23 0.0 53432.34252010604 1.5769886110174411 7.083895364947194e-07 2.877616851042969e-08 -0.12083697913830234 0.682612570822645 0.09476100505636675 0.048000585592875615 -2.396568099178015e-09 -1.7835647283947843e-10 0.008062222408084548 1.0919059994684592 SALT2_ORI 26.009319655817293 0.04410472822706245 0.0036731778469250996 0.0002733638343572926
Manipogo PS1_HST_COMBINED(HST) 0.854 0.0 53150.36789668243 0.8415122350343154 2.725616190047337e-06 9.228437187214165e-08 -0.7707788111481846 0.3217399884768842 -0.05592049985308775 0.079353563056415 -6.203547360688458e-10 -4.874463732767472e-09 0.0009216445567229155 3.0222314098330405 SALT2_ORI 24.546338249353184 0.036761039225118045 0.0002471153492566472 0.0019417193707505038
Mcguire PS1_HST_COMBINED(HST) 1.37 0.0 53264.7205089042 2.8515990133673768 9.120886702914787e-07 5.163505762622757e-08 -0.7032488145845842 0.7900281291606365 -0.07261740828257963 0.030697984057199992 1.8384286405244656e-08 -7.850530801168239e-11 0.008356871844374872 1.9004106713406184 SALT2_ORI 25.734907347308408 0.06146557163313051 -0.021884369358998818 9.345150087955034e-05
Ombo PS1_HST_COMBINED(HST) 0.9752 0.0 53369.4174698264 0.5483978840202326 2.066190420662248e-06 6.2719624021198e-08 1.69510558106057 0.29273025245590123 0.008194029575875639 0.043373811359194984 -8.627354969282543e-09 -1.857789465107808e-09 0.004281249619698444 3.4280873702578774 SALT2_ORI 24.847074140690594 0.032957739938996596 0.00453347936752496 0.0009762262291581448
Patuxent PS1_HST_COMBINED(HST) 0.97 0.0 53201.28400538969 1.1818883277082932 1.814972146521057e-06 5.846741792342298e-08 -0.03805212765454451 0.6495273257453769 -0.2245465132332524 0.10585026503167268 -1.8174255555534817e-08 -1.8001550088783741e-09 0.024641538021125325 0.900870986283282 SALT2_ORI 24.987825088697807 0.034975849386925134 0.01087203860896374 0.0010768724308316913
Rakke PS1_HST_COMBINED(HST) 0.74 0.0 53351.62383778983 0.9410407669311098 4.762831350938599e-06 1.6116990453044044e-07 -0.029446168089932986 0.20085981001010755 -0.07717365598501567 0.037961688242983134 1.0942623023287134e-08 -3.920263079220228e-09 -0.001565104020352226 2.5838913708468536 SALT2_ORI 23.94033699082184 0.036740331028438794 -0.002494483032463743 0.0008936641345587844
Sasquatch PS1_HST_COMBINED(HST) 1.39 0.0 53134.301469626334 5.673405824960355 8.499974964334878e-07 1.22808499176099e-07 3.371537981565695 2.129872449251634 0.1821148778049305 0.10054406510337356 -7.294339789808005e-08 -1.2553119990795706e-09 0.1644407622595745 0.86942486940216 SALT2_ORI 25.811455883616393 0.15686826651486882 0.09317355442613441 0.0016034608235750768
Thoth PS1_HST_COMBINED(HST) 1.305 0.0 52569.61785168009 3.929688256303052 1.101132132291451e-06 1.0719628172302857e-07 -0.1916949858668928 0.6563872214664392 -0.0012600875709020234 0.07912493649683733 3.6188896494885406e-08 -8.627872629567529e-10 0.0012701449075551584 2.696393664981655 SALT2_ORI 25.53040140992313 0.1056974732359719 -0.03568290669438193 0.0008507238513210285
Vilas PS1_HST_COMBINED(HST) 0.935 0.0 52726.39583192711 1.4135648860647052 2.997459011071641e-06 1.1825204770383565e-07 0.07484091440391474 0.2893950560612299 -0.03239746434998527 0.05777712935226395 1.7098557829895093e-08 -2.5551242771463326e-09 -0.0029269352962086313 3.622508614315209 SALT2_ORI 24.443116867434433 0.04283312265642561 -0.006193420232435664 0.0009255142189125047
SCP05D0 PS1_HST_COMBINED(SNAP) 1.014 0.0 53607.178740842864 0.8501049511069141 1.4304223778795493e-06 8.83559191706436e-08 -0.1128164901774264 0.5347466487692393 0.03845743463574156 0.09692259345454513 -2.865646745895066e-08 -7.086972705366543e-09 0.02787456756444491 0.39219783068668523 SALT2_ORI 25.246339260713263 0.06706496055413967 0.021751172731776063 0.005379238305650345
SCP05D6 PS1_HST_COMBINED(SNAP) 1.315 0.0 53658.81981413224 1.3402157650270965 9.408388494528012e-07 4.4713268858932295e-08 -0.4538981073790026 0.5810043097380462 -0.07141617651008703 0.0635323269124949 -1.4969970390754184e-08 -7.402351370438951e-10 0.0086340631600852 1.1208356265561208 SALT2_ORI 25.7012118946382 0.051599500659929375 0.017275475865874523 0.0008542377781169331
SCP06C0 PS1_HST_COMBINED(SNAP) 1.092 0.0 53735.66698124681 0.9329713345905475 9.838499255429682e-07 5.817659126287036e-08 -2.1182781716778414 0.5386568032428751 0.20359978943430712 0.08825513120258786 -1.5485360677605624e-08 -1.7857097910771539e-09 0.001960060465848112 0.28390308526737684 SALT2_ORI 25.652677857273417 0.06420128696828896 0.01708900544169429 0.0019706356843941916
